22, 0, 5, 0, 0, 0
23, 0, 5, 0, 0, 0
31, 0, 5, 0, 0, 0
21, 0, 6, 0, 0, 0
22, 0, 6, 0, 0, 0
23, 0, 6, 0, 0, 0
30, 0, 6, 0, 0, 0
31, 0, 6, 0, 0, 0
32, 0, 6, 0, 0, 0
21, 0, 7, 0, 0, 0
22, 0, 7, 0, 0, 0
23, 0, 7, 0, 0, 0
30, 0, 7, 0, 0, 0
31, 0, 7, 0, 0, 0
32, 0, 7, 0, 0, 0
21, 0, 8, 0, 0, 0
22, 0, 8, 0, 0, 0
23, 0, 8, 0, 0, 0
24, 0, 8, 0, 0, 0
30, 0, 8, 0, 0, 0
31, 0, 8, 0, 0, 0
32, 0, 8, 0, 0, 0
21, 0, 9, 0, 0, 0
22, 0, 9, 0, 0, 0
23, 0, 9, 0, 0, 0
24, 0, 9, 0, 0, 0
29, 0, 9, 0, 0, 0
30, 0, 9, 0, 0, 0
31, 0, 9, 0, 0, 0
32, 0, 9, 0, 0, 0
21, 0, 10, 0, 0, 0
22, 0, 10, 0, 0, 0
23, 0, 10, 0, 0, 0
24, 0, 10, 0, 0, 0
29, 0, 10, 0, 0, 0
30, 0, 10, 0, 0, 0
31, 0, 10, 0, 0, 0
32, 0, 10, 0, 0, 0
21, 0, 11, 0, 0, 0
22, 0, 11, 0, 0, 0
23, 0, 11, 0, 0, 0
24, 0, 11, 0, 0, 0
29, 0, 11, 0, 0, 0
30, 0, 11, 0, 0, 0
31, 0, 11, 0, 0, 0
32, 0, 11, 0, 0, 0
21, 0, 12, 0, 0, 0
22, 0, 12, 0, 0, 0
23, 0, 12, 0, 0, 0
24, 0, 12, 0, 0, 0
29, 0, 12, 0, 0, 0
30, 0, 12, 0, 0, 0
31, 0, 12, 0, 0, 0
32, 0, 12, 0, 0, 0
21, 0, 13, 0, 0, 0
22, 0, 13, 0, 0, 0
23, 0, 13, 0, 0, 0
24, 0, 13, 0, 0, 0
29, 0, 13, 0, 0, 0
30, 0, 13, 0, 0, 0
31, 0, 13, 0, 0, 0
32, 0, 13, 0, 0, 0
21, 0, 14, 0, 0, 0
22, 0, 14, 0, 0, 0
23, 0, 14, 0, 0, 0
24, 0, 14, 0, 0, 0
29, 0, 14, 0, 0, 0
30, 0, 14, 0, 0, 0
31, 0, 14, 0, 0, 0
32, 0, 14, 0, 0, 0
21, 0, 15, 0, 0, 0
22, 0, 15, 0, 0, 0
23, 0, 15, 0, 0, 0
24, 0, 15, 0, 0, 0
29, 0, 15, 0, 0, 0
30, 0, 15, 0, 0, 0
31, 0, 15, 0, 0, 0
32, 0, 15, 0, 0, 0
22, 0, 16, 0, 0, 0
23, 0, 16, 0, 0, 0
30, 0, 16, 0, 0, 0
31, 0, 16, 0, 0, 0
22, 1, 5, 0, 0, 0
23, 1, 5, 0, 0, 0
31, 1, 5, 0, 0, 0
21, 1, 6, 0, 0, 0
23, 1, 6, 0, 0, 0
30, 1, 6, 0, 0, 0
32, 1, 6, 0, 0, 0
21, 1, 7, 0, 0, 0
23, 1, 7, 0, 0, 0
30, 1, 7, 0, 0, 0
32, 1, 7, 0, 0, 0
21, 1, 8, 0, 0, 0
24, 1, 8, 0, 0, 0
30, 1, 8, 0, 0, 0
32, 1, 8, 0, 0, 0
21, 1, 9, 0, 0, 0
24, 1, 9, 0, 0, 0
29, 1, 9, 0, 0, 0
32, 1, 9, 0, 0, 0
21, 1, 10, 0, 0, 0
24, 1, 10, 0, 0, 0
29, 1, 10, 0, 0, 0
32, 1, 10, 0, 0, 0
21, 1, 11, 0, 0, 0
24, 1, 11, 0, 0, 0
29, 1, 11, 0, 0, 0
32, 1, 11, 0, 0, 0
21, 1, 12, 0, 0, 0
24, 1, 12, 0, 0, 0
29, 1, 12, 0, 0, 0
32, 1, 12, 0, 0, 0
21, 1, 13, 0, 0, 0
24, 1, 13, 0, 0, 0
29, 1, 13, 0, 0, 0
32, 1, 13, 0, 0, 0
21, 1, 14, 0, 0, 0
22, 1, 14, 0, 0, 0
23, 1, 14, 0, 0, 0
24, 1, 14, 0, 0, 0
29, 1, 14, 0, 0, 0
30, 1, 14, 0, 0, 0
31, 1, 14, 0, 0, 0
32, 1, 14, 0, 0, 0
21, 1, 15, 0, 0, 0
22, 1, 15, 0, 0, 0
23, 1, 15, 0, 0, 0
24, 1, 15, 0, 0, 0
29, 1, 15, 0, 0, 0
30, 1, 15, 0, 0, 0
31, 1, 15, 0, 0, 0
32, 1, 15, 0, 0, 0
22, 1, 16, 0, 0, 0
23, 1, 16, 0, 0, 0
30, 1, 16, 0, 0, 0
31, 1, 16, 0, 0, 0
22, 2, 5, 0, 0, 0
23, 2, 5, 0, 0, 0
30, 2, 5, 0, 0, 0
31, 2, 5, 0, 0, 0
21, 2, 6, 0, 0, 0
23, 2, 6, 0, 0, 0
30, 2, 6, 0, 0, 0
32, 2, 6, 0, 0, 0
21, 2, 7, 0, 0, 0
23, 2, 7, 0, 0, 0
30, 2, 7, 0, 0, 0
32, 2, 7, 0, 0, 0
21, 2, 8, 0, 0, 0
24, 2, 8, 0, 0, 0
29, 2, 8, 0, 0, 0
32, 2, 8, 0, 0, 0
21, 2, 9, 0, 0, 0
24, 2, 9, 0, 0, 0
29, 2, 9, 0, 0, 0
32, 2, 9, 0, 0, 0
21, 2, 10, 0, 0, 0
24, 2, 10, 0, 0, 0
29, 2, 10, 0, 0, 0
32, 2, 10, 0, 0, 0
21, 2, 11, 0, 0, 0
24, 2, 11, 0, 0, 0
30, 2, 11, 0, 0, 0
32, 2, 11, 0, 0, 0
21, 2, 12, 0, 0, 0
22, 2, 12, 0, 0, 0
23, 2, 12, 0, 0, 0
30, 2, 12, 0, 0, 0
31, 2, 12, 0, 0, 0
32, 2, 12, 0, 0, 0
22, 2, 13, 0, 0, 0
23, 2, 13, 0, 0, 0
30, 2, 13, 0, 0, 0
31, 2, 13, 0, 0, 0
22, 3, 5, 0, 0, 0
23, 3, 5, 0, 0, 0
30, 3, 5, 0, 0, 0
31, 3, 5, 0, 0, 0
21, 3, 6, 0, 0, 0
23, 3, 6, 0, 0, 0
30, 3, 6, 0, 0, 0
32, 3, 6, 0, 0, 0
21, 3, 7, 0, 0, 0
24, 3, 7, 0, 0, 0
30, 3, 7, 0, 0, 0
32, 3, 7, 0, 0, 0
21, 3, 8, 0, 0, 0
24, 3, 8, 0, 0, 0
29, 3, 8, 0, 0, 0
32, 3, 8, 0, 0, 0
21, 3, 9, 0, 0, 0
24, 3, 9, 0, 0, 0
29, 3, 9, 0, 0, 0
32, 3, 9, 0, 0, 0
22, 3, 10, 0, 0, 0
23, 3, 10, 0, 0, 0
30, 3, 10, 0, 0, 0
31, 3, 10, 0, 0, 0
22, 3, 11, 0, 0, 0
23, 3, 11, 0, 0, 0
31, 3, 11, 0, 0, 0
22, 4, 5, 0, 0, 0
23, 4, 5, 0, 0, 0
30, 4, 5, 0, 0, 0
31, 4, 5, 0, 0, 0
21, 4, 6, 0, 0, 0
23, 4, 6, 0, 0, 0
30, 4, 6, 0, 0, 0
32, 4, 6, 0, 0, 0
21, 4, 7, 0, 0, 0
24, 4, 7, 0, 0, 0
30, 4, 7, 0, 0, 0
32, 4, 7, 0, 0, 0
21, 4, 8, 0, 0, 0
24, 4, 8, 0, 0, 0
29, 4, 8, 0, 0, 0
32, 4, 8, 0, 0, 0
21, 4, 9, 0, 0, 0
23, 4, 9, 0, 0, 0
30, 4, 9, 0, 0, 0
32, 4, 9, 0, 0, 0
22, 4, 10, 0, 0, 0
23, 4, 10, 0, 0, 0
30, 4, 10, 0, 0, 0
31, 4, 10, 0, 0, 0
21, 5, 5, 0, 0, 0
22, 5, 5, 0, 0, 0
23, 5, 5, 0, 0, 0
30, 5, 5, 0, 0, 0
31, 5, 5, 0, 0, 0
32, 5, 5, 0, 0, 0
21, 5, 6, 0, 0, 0
24, 5, 6, 0, 0, 0
30, 5, 6, 0, 0, 0
32, 5, 6, 0, 0, 0
21, 5, 7, 0, 0, 0
24, 5, 7, 0, 0, 0
29, 5, 7, 0, 0, 0
32, 5, 7, 0, 0, 0
21, 5, 8, 0, 0, 0
24, 5, 8, 0, 0, 0
29, 5, 8, 0, 0, 0
33, 5, 8, 0, 0, 0
21, 5, 9, 0, 0, 0
24, 5, 9, 0, 0, 0
29, 5, 9, 0, 0, 0
32, 5, 9, 0, 0, 0
21, 5, 10, 0, 0, 0
23, 5, 10, 0, 0, 0
30, 5, 10, 0, 0, 0
32, 5, 10, 0, 0, 0
22, 5, 11, 0, 0, 0
31, 5, 11, 0, 0, 0
22, 6, 4, 0, 0, 0
31, 6, 4, 0, 0, 0
21, 6, 5, 0, 0, 0
23, 6, 5, 0, 0, 0
24, 6, 5, 0, 0, 0
30, 6, 5, 0, 0, 0
32, 6, 5, 0, 0, 0
21, 6, 6, 0, 0, 0
24, 6, 6, 0, 0, 0
29, 6, 6, 0, 0, 0
32, 6, 6, 0, 0, 0
21, 6, 7, 0, 0, 0
24, 6, 7, 0, 0, 0
29, 6, 7, 0, 0, 0
33, 6, 7, 0, 0, 0
20, 6, 8, 0, 0, 0
24, 6, 8, 0, 0, 0
29, 6, 8, 0, 0, 0
33, 6, 8, 0, 0, 0
20, 6, 9, 0, 0, 0
24, 6, 9, 0, 0, 0
29, 6, 9, 0, 0, 0
33, 6, 9, 0, 0, 0
21, 6, 10, 0, 0, 0
24, 6, 10, 0, 0, 0
29, 6, 10, 0, 0, 0
32, 6, 10, 0, 0, 0
22, 6, 11, 0, 0, 0
23, 6, 11, 0, 0, 0
30, 6, 11, 0, 0, 0
31, 6, 11, 0, 0, 0
21, 7, 5, 0, 21, 0
22, 7, 5, 0, 21, 0
23, 7, 5, 0, 13, 0
30, 7, 5, 0, 16, 0
31, 7, 5, 0, 16, 0
32, 7, 5, 0, 28, 0
21, 7, 6, 0, 21, 0
24, 7, 6, 0, 3, 0
29, 7, 6, 0, 1, 0
32, 7, 6, 0, 28, 0
21, 7, 7, 0, 26, 0
24, 7, 7, 0, 3, 0
29, 7, 7, 0, 1, 0
33, 7, 7, 0, 21, 0
20, 7, 8, 0, 23, 0
25, 7, 8, 0, 0, 0
29, 7, 8, 0, 0, 0
33, 7, 8, 0, 21, 0
20, 7, 9, 0, 21, 0
25, 7, 9, 0, 8, 0
29, 7, 9, 0, 18, 0
33, 7, 9, 6, 38, 0
21, 7, 10, 3, 23, 0
24, 7, 10, 0, 8, 0
29, 7, 10, 0, 18, 0
32, 7, 10, 1, 33, 0
22, 7, 11, 3, 23, 0
23, 7, 11, 0, 0, 0
30, 7, 11, 1, 36, 0
31, 7, 11, 1, 33, 0
21, 8, 5, 11, 53, 8
22, 8, 5, 13, 56, 11
23, 8, 5, 10, 51, 8
24, 8, 5, 0, 31, 0
29, 8, 5, 5, 44, 3
30, 8, 5, 5, 44, 3
31, 8, 5, 15, 58, 13
32, 8, 5, 11, 53, 10
21, 8, 6, 10, 51, 6
24, 8, 6, 0, 24, 0
29, 8, 6, 0, 24, 0
32, 8, 6, 10, 51, 8
20, 8, 7, 10, 51, 8
24, 8, 7, 0, 6, 0
29, 8, 7, 0, 11, 0
33, 8, 7, 11, 51, 8
20, 8, 8, 10, 51, 8
25, 8, 8, 0, 0, 0
29, 8, 8, 0, 3, 0
33, 8, 8, 11, 53, 8
20, 8, 9, 10, 51, 8
25, 8, 9, 0, 8, 0
28, 8, 9, 0, 8, 0
33, 8, 9, 11, 53, 8
21, 8, 10, 11, 53, 8
24, 8, 10, 3, 43, 1
29, 8, 10, 1, 39, 0
32, 8, 10, 11, 54, 10
22, 8, 11, 10, 51, 8
23, 8, 11, 3, 43, 1
30, 8, 11, 3, 43, 1
31, 8, 11, 10, 51, 8
21, 9, 5, 11, 53, 10
22, 9, 5, 15, 58, 13
23, 9, 5, 10, 51, 8
24, 9, 5, 3, 41, 0
29, 9, 5, 0, 36, 0
30, 9, 5, 8, 48, 6
31, 9, 5, 15, 58, 13
32, 9, 5, 13, 56, 11
20, 9, 6, 10, 51, 6
24, 9, 6, 0, 15, 0
29, 9, 6, 0, 21, 0
33, 9, 6, 11, 53, 8
20, 9, 7, 10, 51, 8
24, 9, 7, 0, 15, 0
29, 9, 7, 0, 11, 0
33, 9, 7, 11, 51, 8
20, 9, 8, 10, 51, 8
25, 9, 8, 0, 0, 0
28, 9, 8, 0, 0, 0
33, 9, 8, 11, 51, 8
20, 9, 9, 10, 51, 8
25, 9, 9, 0, 6, 0
28, 9, 9, 0, 0, 0
33, 9, 9, 11, 53, 8
21, 9, 10, 11, 53, 8
24, 9, 10, 3, 41, 0
29, 9, 10, 0, 38, 0
33, 9, 10, 11, 54, 10
21, 9, 11, 11, 53, 8
22, 9, 11, 11, 53, 8
23, 9, 11, 6, 46, 3
30, 9, 11, 6, 44, 3
31, 9, 11, 11, 54, 10
32, 9, 11, 11, 54, 10
21, 10, 5, 13, 56, 11
22, 10, 5, 15, 58, 13
23, 10, 5, 15, 58, 13
24, 10, 5, 0, 29, 0
29, 10, 5, 0, 34, 0
30, 10, 5, 15, 58, 13
31, 10, 5, 13, 56, 11
32, 10, 5, 13, 56, 11
20, 10, 6, 10, 51, 8
24, 10, 6, 0, 29, 0
29, 10, 6, 0, 21, 0
33, 10, 6, 10, 51, 8
20, 10, 7, 10, 51, 6
25, 10, 7, 0, 0, 0
29, 10, 7, 0, 0, 0
33, 10, 7, 10, 51, 8
20, 10, 8, 10, 51, 8
25, 10, 8, 0, 0, 0
28, 10, 8, 0, 0, 0
33, 10, 8, 10, 51, 8
20, 10, 9, 10, 51, 8
25, 10, 9, 0, 31, 0
28, 10, 9, 0, 24, 0
33, 10, 9, 11, 53, 8
20, 10, 10, 11, 53, 8
24, 10, 10, 0, 31, 0
29, 10, 10, 0, 38, 0
33, 10, 10, 11, 54, 10
21, 10, 11, 11, 53, 8
23, 10, 11, 6, 46, 5
30, 10, 11, 6, 44, 3
32, 10, 11, 11, 54, 10
22, 10, 12, 11, 53, 8
31, 10, 12, 10, 49, 6
21, 11, 4, 13, 56, 11
22, 11, 4, 13, 54, 10
31, 11, 4, 13, 56, 11
32, 11, 4, 13, 54, 11
21, 11, 5, 13, 56, 11
23, 11, 5, 13, 56, 11
24, 11, 5, 0, 29, 0
29, 11, 5, 0, 34, 0
30, 11, 5, 13, 56, 11
33, 11, 5, 10, 49, 6
20, 11, 6, 10, 49, 6
24, 11, 6, 0, 6, 0
29, 11, 6, 0, 8, 0
33, 11, 6, 10, 51, 8
20, 11, 7, 8, 49, 6
25, 11, 7, 0, 0, 0
29, 11, 7, 0, 0, 0
33, 11, 7, 10, 51, 8
20, 11, 8, 8, 48, 5
25, 11, 8, 0, 0, 0
28, 11, 8, 0, 0, 0
33, 11, 8, 10, 49, 6
20, 11, 9, 8, 48, 5
25, 11, 9, 0, 31, 0
28, 11, 9, 0, 24, 0
33, 11, 9, 10, 51, 6
20, 11, 10, 11, 53, 8
24, 11, 10, 5, 44, 3
25, 11, 10, 0, 38, 0
29, 11, 10, 1, 39, 0
33, 11, 10, 11, 53, 10
21, 11, 11, 11, 53, 8
23, 11, 11, 6, 46, 5
30, 11, 11, 8, 48, 5
32, 11, 11, 11, 54, 10
22, 11, 12, 11, 53, 8
31, 11, 12, 10, 49, 6
21, 12, 4, 10, 51, 8
32, 12, 4, 13, 54, 10
21, 12, 5, 13, 54, 10
22, 12, 5, 13, 54, 10
23, 12, 5, 13, 54, 10
24, 12, 5, 0, 18, 0
29, 12, 5, 0, 19, 0
30, 12, 5, 13, 54, 10
31, 12, 5, 13, 54, 10
32, 12, 5, 13, 54, 10
20, 12, 6, 8, 48, 5
24, 12, 6, 0, 18, 0
29, 12, 6, 0, 19, 0
33, 12, 6, 10, 49, 6
20, 12, 7, 8, 48, 5
25, 12, 7, 0, 0, 0
28, 12, 7, 0, 0, 0
33, 12, 7, 8, 48, 5
20, 12, 8, 8, 48, 5
25, 12, 8, 0, 0, 0
28, 12, 8, 0, 0, 0
33, 12, 8, 8, 48, 6
20, 12, 9, 8, 48, 5
25, 12, 9, 0, 8, 0
28, 12, 9, 0, 10, 0
33, 12, 9, 8, 48, 6
20, 12, 10, 11, 53, 8
25, 12, 10, 1, 38, 0
28, 12, 10, 0, 10, 0
29, 12, 10, 3, 41, 0
33, 12, 10, 11, 53, 10
21, 12, 11, 11, 53, 10
24, 12, 11, 3, 41, 1
30, 12, 11, 8, 48, 5
32, 12, 11, 11, 53, 10
22, 12, 12, 10, 51, 8
23, 12, 12, 8, 49, 6
31, 12, 12, 10, 51, 8
21, 13, 5, 10, 51, 8
22, 13, 5, 13, 54, 10
23, 13, 5, 13, 54, 10
24, 13, 5, 0, 10, 0
29, 13, 5, 0, 33, 0
30, 13, 5, 11, 54, 10
31, 13, 5, 13, 54, 10
32, 13, 5, 11, 53, 8
20, 13, 6, 8, 48, 5
24, 13, 6, 0, 10, 0
29, 13, 6, 0, 0, 0
33, 13, 6, 8, 48, 5
20, 13, 7, 8, 48, 5
25, 13, 7, 0, 0, 0
28, 13, 7, 0, 0, 0
33, 13, 7, 8, 48, 5
20, 13, 8, 8, 48, 5
25, 13, 8, 0, 0, 0
28, 13, 8, 0, 0, 0
33, 13, 8, 8, 48, 5
20, 13, 9, 8, 48, 5
25, 13, 9, 0, 0, 0
28, 13, 9, 0, 16, 0
33, 13, 9, 10, 49, 6
20, 13, 10, 11, 53, 8
25, 13, 10, 0, 31, 0
28, 13, 10, 0, 16, 0
33, 13, 10, 11, 53, 10
21, 13, 11, 11, 53, 8
24, 13, 11, 5, 44, 3
29, 13, 11, 5, 43, 1
30, 13, 11, 5, 44, 3
32, 13, 11, 11, 53, 10
22, 13, 12, 10, 51, 8
23, 13, 12, 10, 49, 6
31, 13, 12, 10, 51, 6
21, 14, 5, 10, 51, 8
22, 14, 5, 13, 54, 10
23, 14, 5, 13, 54, 10
24, 14, 5, 0, 10, 0
29, 14, 5, 8, 48, 5
30, 14, 5, 11, 54, 10
31, 14, 5, 13, 54, 10
32, 14, 5, 11, 53, 8
21, 14, 6, 8, 48, 5
24, 14, 6, 0, 18, 0
29, 14, 6, 16, 44, 1
32, 14, 6, 8, 48, 5
20, 14, 7, 6, 46, 5
25, 14, 7, 0, 0, 0
29, 14, 7, 0, 0, 0
33, 14, 7, 8, 48, 5
20, 14, 8, 6, 46, 5
25, 14, 8, 0, 0, 0
28, 14, 8, 0, 0, 0
33, 14, 8, 8, 48, 5
20, 14, 9, 6, 46, 5
25, 14, 9, 0, 0, 0
28, 14, 9, 0, 0, 0
33, 14, 9, 10, 49, 6
20, 14, 10, 11, 51, 8
25, 14, 10, 3, 41, 0
28, 14, 10, 0, 19, 0
33, 14, 10, 11, 53, 8
21, 14, 11, 11, 53, 8
24, 14, 11, 6, 46, 5
29, 14, 11, 5, 44, 3
32, 14, 11, 11, 53, 10
22, 14, 12, 11, 53, 8
23, 14, 12, 10, 49, 6
30, 14, 12, 8, 48, 5
31, 14, 12, 11, 53, 8
21, 15, 5, 33, 51, 6
22, 15, 5, 44, 58, 10
23, 15, 5, 53, 58, 10
24, 15, 5, 53, 58, 10
29, 15, 5, 16, 44, 1
30, 15, 5, 16, 44, 1
31, 15, 5, 28, 54, 10
32, 15, 5, 49, 58, 8
21, 15, 6, 36, 49, 5
24, 15, 6, 16, 11, 0
29, 15, 6, 16, 44, 1
32, 15, 6, 13, 46, 3
20, 15, 7, 24, 46, 3
25, 15, 7, 0, 0, 0
29, 15, 7, 0, 0, 0
33, 15, 7, 5, 44, 3
20, 15, 8, 24, 46, 3
25, 15, 8, 0, 0, 0
28, 15, 8, 0, 0, 0
33, 15, 8, 5, 44, 3
20, 15, 9, 10, 46, 5
25, 15, 9, 0, 0, 0
28, 15, 9, 0, 0, 0
33, 15, 9, 5, 43, 1
20, 15, 10, 10, 46, 5
25, 15, 10, 6, 33, 0
28, 15, 10, 0, 13, 0
33, 15, 10, 24, 48, 3
21, 15, 11, 15, 49, 5
24, 15, 11, 15, 44, 1
29, 15, 11, 38, 43, 0
32, 15, 11, 16, 49, 6
22, 15, 12, 19, 51, 6
23, 15, 12, 18, 48, 3
30, 15, 12, 6, 46, 3
31, 15, 12, 41, 54, 6
21, 16, 5, 89, 64, 11
22, 16, 5, 89, 64, 11
23, 16, 5, 89, 64, 11
24, 16, 5, 86, 61, 10
29, 16, 5, 86, 61, 10
30, 16, 5, 89, 64, 11
31, 16, 5, 89, 66, 11
32, 16, 5, 89, 66, 11
21, 16, 6, 36, 49, 5
25, 16, 6, 15, 0, 0
29, 16, 6, 68, 46, 0
32, 16, 6, 79, 58, 8
20, 16, 7, 24, 46, 3
25, 16, 7, 0, 0, 0
29, 16, 7, 0, 0, 0
33, 16, 7, 71, 56, 6
20, 16, 8, 24, 46, 3
25, 16, 8, 0, 0, 0
28, 16, 8, 0, 0, 0
33, 16, 8, 71, 56, 6
20, 16, 9, 33, 46, 3
25, 16, 9, 0, 0, 0
28, 16, 9, 0, 0, 0
33, 16, 9, 24, 48, 3
20, 16, 10, 81, 59, 8
25, 16, 10, 68, 46, 0
28, 16, 10, 26, 10, 0
33, 16, 10, 83, 61, 10
21, 16, 11, 81, 59, 8
24, 16, 11, 68, 46, 0
29, 16, 11, 78, 54, 5
32, 16, 11, 86, 61, 10
22, 16, 12, 83, 61, 8
23, 16, 12, 86, 61, 10
30, 16, 12, 84, 59, 8
31, 16, 12, 86, 61, 10
21, 17, 5, 86, 63, 10
22, 17, 5, 91, 66, 13
23, 17, 5, 78, 63, 11
24, 17, 5, 54, 56, 8
25, 17, 5, 19, 33, 0
28, 17, 5, 0, 0, 0
29, 17, 5, 56, 54, 6
30, 17, 5, 79, 63, 11
31, 17, 5, 88, 64, 11
32, 17, 5, 88, 64, 11
21, 17, 6, 83, 59, 8
25, 17, 6, 0, 0, 0
28, 17, 6, 0, 0, 0
32, 17, 6, 83, 59, 8
20, 17, 7, 81, 58, 6
25, 17, 7, 0, 0, 0
28, 17, 7, 0, 0, 0
33, 17, 7, 83, 59, 8
20, 17, 8, 81, 58, 6
25, 17, 8, 0, 0, 0
28, 17, 8, 0, 0, 0
33, 17, 8, 83, 59, 8
20, 17, 9, 81, 58, 6
25, 17, 9, 29, 15, 0
28, 17, 9, 0, 0, 0
33, 17, 9, 84, 61, 8
20, 17, 10, 86, 61, 10
25, 17, 10, 29, 15, 0
28, 17, 10, 0, 0, 0
33, 17, 10, 86, 63, 10
21, 17, 11, 86, 61, 10
24, 17, 11, 78, 56, 5
29, 17, 11, 74, 56, 5
32, 17, 11, 88, 63, 10
22, 17, 12, 86, 61, 10
23, 17, 12, 84, 61, 8
30, 17, 12, 81, 59, 8
31, 17, 12, 86, 61, 10
32, 17, 12, 86, 61, 10
21, 18, 4, 13, 56, 11
32, 18, 4, 13, 56, 11
21, 18, 5, 24, 54, 10
22, 18, 5, 16, 56, 11
23, 18, 5, 16, 54, 10
24, 18, 5, 13, 54, 10
25, 18, 5, 0, 3, 0
28, 18, 5, 0, 0, 0
29, 18, 5, 13, 54, 10
30, 18, 5, 16, 54, 10
31, 18, 5, 28, 54, 10
32, 18, 5, 28, 54, 10
20, 18, 6, 8, 48, 5
25, 18, 6, 0, 3, 0
28, 18, 6, 0, 0, 0
33, 18, 6, 16, 49, 5
20, 18, 7, 11, 48, 5
25, 18, 7, 0, 0, 0
28, 18, 7, 0, 0, 0
33, 18, 7, 16, 48, 5
20, 18, 8, 36, 49, 5
25, 18, 8, 0, 0, 0
28, 18, 8, 0, 0, 0
33, 18, 8, 38, 51, 5
20, 18, 9, 36, 49, 5
25, 18, 9, 0, 0, 0
28, 18, 9, 0, 0, 0
34, 18, 9, 8, 48, 5
20, 18, 10, 16, 49, 6
25, 18, 10, 0, 6, 0
28, 18, 10, 0, 1, 0
33, 18, 10, 16, 49, 6
21, 18, 11, 19, 49, 6
24, 18, 11, 10, 44, 3
25, 18, 11, 0, 6, 0
29, 18, 11, 5, 43, 1
33, 18, 11, 10, 51, 8
21, 18, 12, 15, 48, 5
23, 18, 12, 18, 51, 6
30, 18, 12, 11, 49, 6
32, 18, 12, 19, 49, 6
22, 18, 13, 31, 53, 6
31, 18, 13, 10, 49, 6
21, 19, 4, 11, 54, 10
22, 19, 4, 13, 56, 11
31, 19, 4, 13, 56, 11
32, 19, 4, 13, 56, 11
21, 19, 5, 8, 49, 6
23, 19, 5, 13, 56, 11
24, 19, 5, 13, 56, 11
25, 19, 5, 0, 0, 0
28, 19, 5, 0, 0, 0
29, 19, 5, 13, 56, 11
30, 19, 5, 13, 56, 11
32, 19, 5, 13, 56, 11
20, 19, 6, 8, 48, 5
25, 19, 6, 0, 0, 0
28, 19, 6, 0, 0, 0
33, 19, 6, 8, 49, 6
20, 19, 7, 8, 48, 5
25, 19, 7, 0, 0, 0
28, 19, 7, 0, 0, 0
33, 19, 7, 8, 49, 6
20, 19, 8, 8, 48, 5
25, 19, 8, 0, 0, 0
28, 19, 8, 0, 0, 0
33, 19, 8, 8, 48, 5
19, 19, 9, 8, 48, 5
25, 19, 9, 0, 0, 0
28, 19, 9, 0, 0, 0
34, 19, 9, 8, 48, 5
20, 19, 10, 10, 51, 8
25, 19, 10, 0, 5, 0
28, 19, 10, 0, 0, 0
33, 19, 10, 10, 51, 8
21, 19, 11, 10, 51, 8
24, 19, 11, 6, 44, 3
25, 19, 11, 0, 5, 0
28, 19, 11, 0, 0, 0
29, 19, 11, 5, 44, 3
33, 19, 11, 10, 51, 8
21, 19, 12, 11, 53, 8
23, 19, 12, 8, 48, 6
30, 19, 12, 11, 49, 6
32, 19, 12, 11, 53, 8
22, 19, 13, 10, 51, 8
31, 19, 13, 11, 53, 8
21, 20, 4, 11, 53, 10
22, 20, 4, 13, 56, 11
31, 20, 4, 13, 56, 11
32, 20, 4, 11, 54, 10
21, 20, 5, 8, 48, 6
23, 20, 5, 13, 56, 11
24, 20, 5, 13, 56, 11
25, 20, 5, 0, 24, 0
28, 20, 5, 0, 10, 0
29, 20, 5, 13, 56, 11
30, 20, 5, 13, 56, 11
32, 20, 5, 10, 49, 6
20, 20, 6, 8, 48, 5
25, 20, 6, 0, 0, 0
28, 20, 6, 0, 0, 0
33, 20, 6, 8, 49, 6
20, 20, 7, 8, 48, 5
25, 20, 7, 0, 0, 0
28, 20, 7, 0, 0, 0
33, 20, 7, 8, 48, 5
20, 20, 8, 8, 48, 5
25, 20, 8, 0, 0, 0
28, 20, 8, 0, 0, 0
33, 20, 8, 8, 48, 5
19, 20, 9, 6, 46, 5
25, 20, 9, 0, 0, 0
28, 20, 9, 0, 0, 0
34, 20, 9, 8, 48, 6
20, 20, 10, 10, 49, 6
25, 20, 10, 0, 24, 0
28, 20, 10, 0, 26, 0
33, 20, 10, 10, 51, 8
21, 20, 11, 10, 51, 6
24, 20, 11, 6, 44, 3
25, 20, 11, 0, 24, 0
28, 20, 11, 0, 26, 0
29, 20, 11, 5, 44, 3
33, 20, 11, 10, 51, 8
21, 20, 12, 11, 51, 8
23, 20, 12, 8, 48, 6
30, 20, 12, 8, 48, 5
32, 20, 12, 11, 53, 8
22, 20, 13, 10, 51, 8
31, 20, 13, 11, 53, 8
21, 21, 4, 11, 53, 10
22, 21, 4, 13, 56, 11
23, 21, 4, 13, 56, 11
30, 21, 4, 13, 56, 11
31, 21, 4, 13, 54, 10
32, 21, 4, 13, 54, 10
21, 21, 5, 8, 48, 6
24, 21, 5, 13, 56, 11
25, 21, 5, 0, 24, 0
28, 21, 5, 0, 6, 0
29, 21, 5, 13, 54, 10
33, 21, 5, 8, 48, 6
20, 21, 6, 8, 48, 5
25, 21, 6, 0, 0, 0
28, 21, 6, 0, 10, 0
33, 21, 6, 8, 49, 6
20, 21, 7, 8, 48, 5
25, 21, 7, 0, 0, 0
28, 21, 7, 0, 0, 0
33, 21, 7, 8, 48, 5
20, 21, 8, 6, 46, 5
25, 21, 8, 0, 0, 0
28, 21, 8, 0, 0, 0
34, 21, 8, 8, 48, 5
19, 21, 9, 6, 46, 5
25, 21, 9, 0, 0, 0
28, 21, 9, 0, 0, 0
34, 21, 9, 8, 48, 5
20, 21, 10, 10, 49, 6
25, 21, 10, 0, 0, 0
28, 21, 10, 0, 0, 0
33, 21, 10, 10, 49, 6
20, 21, 11, 10, 49, 6
24, 21, 11, 6, 44, 3
25, 21, 11, 3, 41, 0
28, 21, 11, 3, 41, 0
29, 21, 11, 5, 44, 3
33, 21, 11, 10, 51, 6
21, 21, 12, 10, 49, 6
23, 21, 12, 8, 49, 6
30, 21, 12, 8, 48, 6
32, 21, 12, 10, 51, 8
22, 21, 13, 10, 51, 8
31, 21, 13, 10, 51, 8
21, 22, 4, 11, 48, 5
22, 22, 4, 13, 56, 11
23, 22, 4, 13, 56, 11
30, 22, 4, 11, 49, 6
31, 22, 4, 19, 54, 10
32, 22, 4, 13, 54, 10
20, 22, 5, 8, 48, 5
24, 22, 5, 0, 3, 0
25, 22, 5, 0, 0, 0
28, 22, 5, 0, 6, 0
29, 22, 5, 11, 49, 6
33, 22, 5, 10, 49, 6
20, 22, 6, 8, 48, 5
25, 22, 6, 0, 0, 0
28, 22, 6, 0, 6, 0
33, 22, 6, 8, 49, 6
20, 22, 7, 6, 46, 5
25, 22, 7, 0, 0, 0
28, 22, 7, 0, 0, 0
33, 22, 7, 8, 48, 5
20, 22, 8, 6, 46, 3
25, 22, 8, 0, 0, 0
28, 22, 8, 0, 0, 0
34, 22, 8, 8, 48, 5
19, 22, 9, 6, 46, 3
25, 22, 9, 0, 0, 0
28, 22, 9, 0, 0, 0
34, 22, 9, 8, 48, 5
20, 22, 10, 8, 49, 6
25, 22, 10, 3, 41, 0
28, 22, 10, 6, 41, 0
34, 22, 10, 10, 49, 6
20, 22, 11, 10, 49, 6
24, 22, 11, 3, 41, 0
25, 22, 11, 3, 41, 0
28, 22, 11, 6, 41, 0
29, 22, 11, 6, 41, 0
33, 22, 11, 10, 51, 6
21, 22, 12, 11, 51, 8
23, 22, 12, 8, 48, 5
30, 22, 12, 8, 48, 5
32, 22, 12, 10, 51, 8
22, 22, 13, 11, 51, 8
31, 22, 13, 10, 49, 6
21, 23, 4, 11, 48, 5
22, 23, 4, 26, 48, 3
23, 23, 4, 8, 43, 1
30, 23, 4, 11, 49, 6
31, 23, 4, 19, 54, 10
32, 23, 4, 6, 39, 0
20, 23, 5, 5, 43, 1
24, 23, 5, 43, 46, 1
25, 23, 5, 39, 21, 0
28, 23, 5, 16, 0, 0
29, 23, 5, 11, 49, 6
33, 23, 5, 6, 39, 0
20, 23, 6, 1, 38, 0
25, 23, 6, 0, 3, 0
28, 23, 6, 0, 0, 0
33, 23, 6, 3, 36, 0
20, 23, 7, 3, 36, 0
25, 23, 7, 0, 0, 0
28, 23, 7, 0, 0, 0
33, 23, 7, 1, 36, 0
19, 23, 8, 18, 39, 0
25, 23, 8, 0, 0, 0
28, 23, 8, 0, 0, 0
34, 23, 8, 1, 39, 0
19, 23, 9, 1, 39, 0
25, 23, 9, 0, 0, 0
28, 23, 9, 0, 0, 0
34, 23, 9, 1, 39, 0
19, 23, 10, 1, 39, 0
25, 23, 10, 3, 0, 0
28, 23, 10, 0, 0, 0
34, 23, 10, 24, 39, 0
20, 23, 11, 1, 39, 0
25, 23, 11, 3, 41, 0
28, 23, 11, 6, 41, 0
29, 23, 11, 6, 41, 0
33, 23, 11, 3, 38, 0
21, 23, 12, 13, 44, 1
23, 23, 12, 21, 44, 1
24, 23, 12, 58, 48, 1
30, 23, 12, 19, 43, 0
32, 23, 12, 8, 36, 0
22, 23, 13, 11, 51, 8
31, 23, 13, 10, 49, 6
21, 24, 4, 83, 59, 8
22, 24, 4, 89, 64, 11
23, 24, 4, 89, 64, 11
30, 24, 4, 91, 66, 13
31, 24, 4, 91, 66, 13
32, 24, 4, 84, 61, 8
21, 24, 5, 78, 54, 3
24, 24, 5, 89, 64, 11
25, 24, 5, 13, 0, 0
28, 24, 5, 11, 0, 0
29, 24, 5, 88, 63, 10
32, 24, 5, 79, 56, 5
20, 24, 6, 76, 53, 3
25, 24, 6, 13, 0, 0
28, 24, 6, 11, 0, 0
33, 24, 6, 78, 54, 5
20, 24, 7, 73, 51, 1
26, 24, 7, 0, 0, 0
27, 24, 7, 0, 0, 0
33, 24, 7, 59, 48, 0
20, 24, 8, 46, 43, 0
26, 24, 8, 0, 0, 0
27, 24, 8, 0, 0, 0
34, 24, 8, 0, 26, 0
19, 24, 9, 18, 39, 0
26, 24, 9, 0, 0, 0
27, 24, 9, 0, 0, 0
34, 24, 9, 24, 39, 0
20, 24, 10, 54, 46, 0
25, 24, 10, 0, 0, 0
28, 24, 10, 6, 0, 0
33, 24, 10, 64, 49, 1
34, 24, 10, 64, 49, 1
21, 24, 11, 81, 56, 6
24, 24, 11, 79, 56, 5
25, 24, 11, 51, 31, 0
28, 24, 11, 46, 26, 0
29, 24, 11, 74, 51, 1
32, 24, 11, 81, 58, 6
22, 24, 12, 81, 58, 6
23, 24, 12, 81, 58, 6
30, 24, 12, 83, 58, 6
31, 24, 12, 81, 58, 6
32, 24, 12, 79, 56, 5
21, 25, 4, 89, 64, 11
22, 25, 4, 89, 64, 11
23, 25, 4, 91, 66, 11
24, 25, 4, 71, 59, 10
25, 25, 4, 8, 48, 5
26, 25, 4, 0, 34, 0
27, 25, 4, 10, 51, 8
28, 25, 4, 5, 43, 1
29, 25, 4, 69, 58, 8
30, 25, 4, 88, 63, 10
31, 25, 4, 89, 64, 11
32, 25, 4, 89, 64, 11
21, 25, 5, 79, 56, 5
26, 25, 5, 0, 0, 0
27, 25, 5, 0, 0, 0
32, 25, 5, 81, 58, 6
20, 25, 6, 79, 56, 5
26, 25, 6, 0, 0, 0
27, 25, 6, 0, 0, 0
33, 25, 6, 79, 56, 5
20, 25, 7, 78, 54, 3
33, 25, 7, 78, 54, 3
20, 25, 8, 78, 54, 3
33, 25, 8, 78, 54, 3
19, 25, 9, 76, 53, 3
34, 25, 9, 78, 54, 5
20, 25, 10, 81, 56, 6
26, 25, 10, 0, 0, 0
27, 25, 10, 0, 0, 0
33, 25, 10, 81, 56, 6
21, 25, 11, 81, 56, 6
24, 25, 11, 71, 58, 8
25, 25, 11, 16, 28, 0
26, 25, 11, 0, 26, 0
27, 25, 11, 0, 29, 0
28, 25, 11, 11, 33, 0
29, 25, 11, 66, 56, 6
32, 25, 11, 81, 58, 6
22, 25, 12, 81, 58, 6
23, 25, 12, 81, 58, 6
30, 25, 12, 83, 58, 6
31, 25, 12, 83, 58, 6
21, 26, 4, 81, 56, 6
22, 26, 4, 86, 63, 10
23, 26, 4, 71, 61, 10
24, 26, 4, 16, 54, 10
25, 26, 4, 11, 53, 8
26, 26, 4, 11, 53, 8
27, 26, 4, 3, 41, 1
28, 26, 4, 10, 51, 8
29, 26, 4, 16, 54, 10
30, 26, 4, 68, 61, 11
31, 26, 4, 88, 63, 10
32, 26, 4, 81, 58, 6
21, 26, 5, 79, 56, 5
32, 26, 5, 81, 58, 6
21, 26, 6, 78, 54, 5
32, 26, 6, 79, 56, 5
20, 26, 7, 74, 51, 1
33, 26, 7, 78, 54, 5
20, 26, 8, 76, 53, 3
33, 26, 8, 76, 53, 3
20, 26, 9, 78, 54, 3
34, 26, 9, 78, 54, 5
20, 26, 10, 81, 58, 6
33, 26, 10, 81, 56, 6
21, 26, 11, 83, 59, 8
24, 26, 11, 68, 58, 8
25, 26, 11, 10, 49, 6
28, 26, 11, 10, 51, 6
29, 26, 11, 39, 53, 6
32, 26, 11, 83, 58, 6
22, 26, 12, 84, 59, 8
23, 26, 12, 86, 61, 10
26, 26, 12, 10, 51, 8
27, 26, 12, 10, 51, 6
30, 26, 12, 86, 61, 10
31, 26, 12, 86, 61, 10
22, 27, 4, 71, 58, 8
23, 27, 4, 26, 56, 10
24, 27, 4, 11, 53, 10
25, 27, 4, 11, 53, 8
26, 27, 4, 11, 53, 8
27, 27, 4, 3, 41, 1
28, 27, 4, 11, 53, 10
29, 27, 4, 11, 53, 10
30, 27, 4, 28, 56, 10
31, 27, 4, 56, 54, 6
21, 27, 5, 78, 54, 5
32, 27, 5, 78, 54, 5
21, 27, 6, 74, 51, 1
32, 27, 6, 74, 51, 1
20, 27, 7, 74, 51, 1
33, 27, 7, 74, 51, 1
20, 27, 8, 76, 53, 3
33, 27, 8, 73, 49, 1
20, 27, 9, 76, 53, 3
33, 27, 9, 73, 49, 1
20, 27, 10, 81, 58, 6
21, 27, 10, 81, 58, 6
33, 27, 10, 78, 54, 5
22, 27, 11, 83, 59, 8
31, 27, 11, 81, 56, 6
32, 27, 11, 81, 56, 6
23, 27, 12, 86, 61, 10
24, 27, 12, 11, 53, 8
25, 27, 12, 10, 51, 8
26, 27, 12, 10, 51, 8
27, 27, 12, 10, 51, 6
28, 27, 12, 10, 51, 6
29, 27, 12, 10, 51, 6
30, 27, 12, 86, 61, 10
22, 28, 4, 61, 53, 3
23, 28, 4, 23, 41, 0
24, 28, 4, 0, 0, 0
25, 28, 4, 0, 0, 0
26, 28, 4, 0, 0, 0
27, 28, 4, 0, 13, 0
28, 28, 4, 0, 13, 0
29, 28, 4, 0, 0, 0
30, 28, 4, 0, 0, 0
31, 28, 4, 56, 54, 6
21, 28, 5, 0, 0, 0
32, 28, 5, 0, 0, 0
20, 28, 6, 0, 0, 0
33, 28, 6, 0, 0, 0
20, 28, 7, 0, 0, 0
33, 28, 7, 15, 1, 0
20, 28, 8, 68, 46, 0
33, 28, 8, 73, 49, 1
20, 28, 9, 76, 53, 3
33, 28, 9, 73, 49, 1
20, 28, 10, 79, 54, 5
21, 28, 10, 79, 54, 5
32, 28, 10, 76, 53, 3
33, 28, 10, 78, 54, 5
22, 28, 11, 79, 56, 5
23, 28, 11, 41, 54, 6
30, 28, 11, 19, 51, 6
31, 28, 11, 76, 53, 3
24, 28, 12, 11, 53, 8
25, 28, 12, 11, 53, 8
26, 28, 12, 11, 53, 8
27, 28, 12, 8, 48, 5
29, 28, 12, 10, 51, 6
28, 28, 13, 58, 58, 58
23, 29, 3, 0, 0, 0
24, 29, 3, 0, 0, 0
25, 29, 3, 0, 0, 0
26, 29, 3, 0, 0, 0
27, 29, 3, 0, 0, 0
28, 29, 3, 0, 0, 0
29, 29, 3, 0, 0, 0
30, 29, 3, 0, 0, 0
21, 29, 4, 0, 0, 0
22, 29, 4, 0, 0, 0
31, 29, 4, 10, 5, 0
32, 29, 4, 0, 0, 0
21, 29, 5, 0, 0, 0
32, 29, 5, 0, 0, 0
20, 29, 6, 0, 0, 0
33, 29, 6, 0, 0, 0
20, 29, 7, 0, 0, 0
33, 29, 7, 0, 0, 0
20, 29, 8, 31, 33, 0
33, 29, 8, 0, 16, 0
20, 29, 9, 1, 18, 0
33, 29, 9, 0, 16, 0
21, 29, 10, 15, 33, 0
32, 29, 10, 16, 28, 0
22, 29, 11, 10, 31, 0
31, 29, 11, 1, 24, 0
23, 29, 12, 0, 36, 0
24, 29, 12, 0, 11, 0
25, 29, 12, 0, 19, 0
26, 29, 12, 0, 21, 0
27, 29, 12, 0, 26, 0
30, 29, 12, 0, 36, 0
28, 29, 13, 58, 58, 58
29, 29, 13, 58, 58, 58
23, 30, 3, 0, 0, 0
24, 30, 3, 0, 0, 0
25, 30, 3, 0, 0, 0
26, 30, 3, 0, 0, 0
27, 30, 3, 0, 0, 0
28, 30, 3, 0, 0, 0
29, 30, 3, 0, 0, 0
30, 30, 3, 0, 0, 0
21, 30, 4, 0, 0, 0
22, 30, 4, 0, 0, 0
31, 30, 4, 0, 0, 0
32, 30, 4, 0, 0, 0
21, 30, 5, 0, 0, 0
32, 30, 5, 0, 0, 0
20, 30, 6, 0, 0, 0
33, 30, 6, 0, 0, 0
20, 30, 7, 0, 0, 0
33, 30, 7, 0, 0, 0
20, 30, 8, 0, 26, 0
33, 30, 8, 0, 0, 0
20, 30, 9, 0, 26, 0
34, 30, 9, 0, 0, 0
21, 30, 10, 3, 41, 0
33, 30, 10, 0, 0, 0
34, 30, 10, 0, 0, 0
22, 30, 11, 3, 41, 1
31, 30, 11, 0, 0, 0
32, 30, 11, 0, 0, 0
33, 30, 11, 0, 0, 0
23, 30, 12, 8, 48, 5
24, 30, 12, 10, 49, 6
25, 30, 12, 10, 49, 6
26, 30, 12, 10, 51, 6
27, 30, 12, 1, 39, 0
30, 30, 12, 3, 41, 1
32, 30, 12, 0, 0, 0
28, 30, 13, 19, 19, 19
29, 30, 13, 24, 24, 24
28, 30, 14, 79, 79, 79
23, 31, 3, 0, 0, 0
24, 31, 3, 0, 0, 0
25, 31, 3, 0, 0, 0
26, 31, 3, 0, 0, 0
27, 31, 3, 0, 0, 0
28, 31, 3, 0, 0, 0
29, 31, 3, 0, 0, 0
30, 31, 3, 0, 0, 0
22, 31, 4, 0, 0, 0
31, 31, 4, 0, 0, 0
21, 31, 5, 0, 0, 0
32, 31, 5, 0, 0, 0
20, 31, 6, 0, 0, 0
33, 31, 6, 0, 0, 0
20, 31, 7, 0, 0, 0
33, 31, 7, 0, 0, 0
20, 31, 8, 0, 26, 0
33, 31, 8, 0, 0, 0
20, 31, 9, 0, 19, 0
34, 31, 9, 0, 0, 0
21, 31, 10, 0, 34, 0
34, 31, 10, 0, 0, 0
22, 31, 11, 0, 15, 0
31, 31, 11, 0, 0, 0
33, 31, 11, 0, 0, 0
23, 31, 12, 0, 15, 0
24, 31, 12, 0, 1, 0
25, 31, 12, 0, 24, 0
26, 31, 12, 0, 33, 0
27, 31, 12, 0, 18, 0
30, 31, 12, 0, 1, 0
32, 31, 12, 0, 0, 0
28, 31, 13, 0, 0, 0
29, 31, 13, 15, 15, 15
28, 31, 14, 79, 79, 79
24, 32, 3, 0, 0, 0
25, 32, 3, 1, 0, 0
26, 32, 3, 0, 0, 0
27, 32, 3, 0, 0, 0
28, 32, 3, 18, 0, 0
29, 32, 3, 0, 0, 0
23, 32, 4, 0, 0, 0
30, 32, 4, 0, 0, 0
31, 32, 4, 0, 0, 0
21, 32, 5, 0, 0, 0
22, 32, 5, 0, 0, 0
32, 32, 5, 0, 0, 0
20, 32, 6, 0, 0, 0
33, 32, 6, 0, 0, 0
20, 32, 7, 0, 0, 0
33, 32, 7, 0, 0, 0
21, 32, 8, 0, 8, 0
33, 32, 8, 0, 0, 0
20, 32, 9, 0, 19, 0
34, 32, 9, 0, 0, 0
21, 32, 10, 0, 18, 0
34, 32, 10, 0, 0, 0
22, 32, 11, 0, 0, 0
31, 32, 11, 0, 0, 0
33, 32, 11, 0, 0, 0
22, 32, 12, 0, 0, 0
26, 32, 12, 0, 23, 0
30, 32, 12, 0, 13, 0
32, 32, 12, 0, 0, 0
23, 32, 13, 0, 0, 0
24, 32, 13, 0, 0, 0
25, 32, 13, 0, 0, 0
27, 32, 13, 0, 28, 0
29, 32, 13, 15, 15, 15
28, 32, 14, 78, 78, 78
25, 33, 3, 1, 0, 0
26, 33, 3, 0, 0, 0
27, 33, 3, 0, 0, 0
28, 33, 3, 18, 0, 0
29, 33, 3, 0, 0, 0
23, 33, 4, 0, 0, 0
24, 33, 4, 0, 0, 0
30, 33, 4, 0, 0, 0
21, 33, 5, 0, 0, 0
22, 33, 5, 0, 0, 0
31, 33, 5, 0, 0, 0
32, 33, 5, 0, 0, 0
20, 33, 6, 0, 0, 0
21, 33, 6, 0, 0, 0
32, 33, 6, 0, 0, 0
33, 33, 6, 0, 0, 0
20, 33, 7, 0, 0, 0
33, 33, 7, 0, 0, 0
21, 33, 8, 0, 16, 0
33, 33, 8, 0, 0, 0
21, 33, 9, 0, 16, 0
34, 33, 9, 0, 0, 0
21, 33, 10, 0, 33, 0
34, 33, 10, 0, 0, 0
21, 33, 11, 0, 0, 0
31, 33, 11, 0, 0, 0
33, 33, 11, 0, 0, 0
22, 33, 12, 0, 0, 0
30, 33, 12, 0, 28, 0
32, 33, 12, 0, 0, 0
23, 33, 13, 0, 0, 0
24, 33, 13, 0, 0, 0
25, 33, 13, 0, 0, 0
26, 33, 13, 6, 46, 3
27, 33, 13, 0, 28, 0
29, 33, 13, 11, 11, 11
28, 33, 14, 76, 76, 76
22, 34, 1, 0, 0, 0
23, 34, 1, 0, 0, 0
24, 34, 1, 0, 0, 0
25, 34, 1, 0, 0, 0
26, 34, 1, 0, 0, 0
27, 34, 1, 0, 0, 0
28, 34, 1, 0, 0, 0
29, 34, 1, 0, 0, 0
30, 34, 1, 0, 0, 0
31, 34, 1, 0, 0, 0
22, 34, 2, 0, 0, 0
23, 34, 2, 0, 0, 0
24, 34, 2, 0, 0, 0
25, 34, 2, 0, 0, 0
26, 34, 2, 0, 0, 0
27, 34, 2, 0, 0, 0
28, 34, 2, 0, 0, 0
29, 34, 2, 0, 0, 0
30, 34, 2, 0, 0, 0
31, 34, 2, 0, 0, 0
22, 34, 3, 0, 0, 0
23, 34, 3, 0, 0, 0
24, 34, 3, 0, 0, 0
30, 34, 3, 0, 0, 0
31, 34, 3, 0, 0, 0
22, 34, 4, 0, 0, 0
31, 34, 4, 0, 0, 0
23, 34, 5, 0, 8, 0
31, 34, 5, 0, 23, 0
22, 34, 6, 0, 24, 0
31, 34, 6, 0, 26, 0
21, 34, 7, 0, 24, 0
32, 34, 7, 0, 19, 0
21, 34, 8, 0, 10, 0
33, 34, 8, 0, 0, 0
21, 34, 9, 0, 33, 0
34, 34, 9, 0, 0, 0
21, 34, 10, 0, 33, 0
34, 34, 10, 0, 0, 0
21, 34, 11, 0, 0, 0
31, 34, 11, 0, 0, 0
34, 34, 11, 0, 0, 0
21, 34, 12, 0, 0, 0
22, 34, 12, 0, 0, 0
30, 34, 12, 0, 10, 0
32, 34, 12, 0, 0, 0
33, 34, 12, 0, 0, 0
23, 34, 13, 0, 0, 0
24, 34, 13, 0, 0, 0
25, 34, 13, 0, 33, 0
26, 34, 13, 0, 33, 0
27, 34, 13, 0, 0, 0
30, 34, 13, 0, 0, 0
28, 34, 14, 0, 0, 0
29, 34, 14, 0, 0, 0
22, 35, 1, 10, 1, 0
23, 35, 1, 15, 6, 0
24, 35, 1, 54, 38, 3
25, 35, 1, 8, 3, 0
26, 35, 1, 11, 5, 0
27, 35, 1, 51, 36, 1
28, 35, 1, 51, 36, 1
29, 35, 1, 15, 8, 0
30, 35, 1, 51, 34, 1
31, 35, 1, 38, 23, 0
22, 35, 2, 10, 1, 0
31, 35, 2, 0, 0, 0
22, 35, 3, 0, 0, 0
31, 35, 3, 0, 0, 0
22, 35, 4, 0, 0, 0
31, 35, 4, 0, 0, 0
23, 35, 5, 0, 23, 0
31, 35, 5, 0, 24, 0
22, 35, 6, 0, 24, 0
31, 35, 6, 0, 26, 0
21, 35, 7, 0, 28, 0
32, 35, 7, 0, 0, 0
21, 35, 8, 0, 26, 0
33, 35, 8, 0, 0, 0
21, 35, 9, 0, 28, 0
34, 35, 9, 0, 0, 0
21, 35, 10, 0, 28, 0
34, 35, 10, 0, 0, 0
21, 35, 11, 0, 0, 0
31, 35, 11, 0, 0, 0
34, 35, 11, 0, 0, 0
21, 35, 12, 0, 0, 0
22, 35, 12, 0, 0, 0
30, 35, 12, 0, 0, 0
32, 35, 12, 0, 0, 0
33, 35, 12, 0, 0, 0
23, 35, 13, 0, 0, 0
24, 35, 13, 0, 0, 0
25, 35, 13, 0, 0, 0
26, 35, 13, 0, 33, 0
27, 35, 13, 0, 0, 0
30, 35, 13, 0, 0, 0
28, 35, 14, 0, 0, 0
29, 35, 14, 0, 0, 0
22, 36, 1, 10, 1, 0
23, 36, 1, 91, 68, 13
24, 36, 1, 54, 38, 3
25, 36, 1, 94, 69, 15
26, 36, 1, 94, 69, 15
27, 36, 1, 96, 71, 16
28, 36, 1, 91, 66, 13
29, 36, 1, 94, 69, 15
30, 36, 1, 51, 34, 1
31, 36, 1, 38, 23, 0
22, 36, 2, 59, 39, 0
31, 36, 2, 64, 43, 0
22, 36, 3, 0, 0, 0
31, 36, 3, 59, 38, 0
22, 36, 4, 0, 0, 0
31, 36, 4, 23, 6, 0
22, 36, 5, 0, 29, 0
31, 36, 5, 0, 24, 0
22, 36, 6, 0, 29, 0
31, 36, 6, 0, 24, 0
21, 36, 7, 0, 11, 0
32, 36, 7, 0, 13, 0
21, 36, 8, 0, 21, 0
33, 36, 8, 0, 0, 0
20, 36, 9, 0, 13, 0
34, 36, 9, 0, 0, 0
21, 36, 10, 0, 31, 0
33, 36, 10, 0, 0, 0
34, 36, 10, 0, 0, 0
21, 36, 11, 0, 0, 0
32, 36, 11, 0, 0, 0
33, 36, 11, 0, 0, 0
34, 36, 11, 0, 0, 0
21, 36, 12, 0, 0, 0
31, 36, 12, 0, 0, 0
32, 36, 12, 0, 0, 0
33, 36, 12, 0, 0, 0
22, 36, 13, 0, 0, 0
23, 36, 13, 0, 0, 0
24, 36, 13, 0, 0, 0
25, 36, 13, 0, 0, 0
26, 36, 13, 3, 41, 1
27, 36, 13, 0, 0, 0
30, 36, 13, 0, 0, 0
28, 36, 14, 0, 0, 0
29, 36, 14, 0, 0, 0
23, 37, 0, 94, 69, 15
24, 37, 0, 96, 71, 16
25, 37, 0, 94, 71, 15
26, 37, 0, 96, 71, 16
27, 37, 0, 96, 71, 16
28, 37, 0, 96, 71, 16
29, 37, 0, 96, 71, 16
30, 37, 0, 94, 69, 15
31, 37, 0, 94, 69, 15
22, 37, 1, 74, 51, 1
31, 37, 1, 74, 51, 1
22, 37, 2, 66, 44, 0
31, 37, 2, 59, 38, 0
22, 37, 3, 56, 36, 0
31, 37, 3, 59, 38, 0
22, 37, 4, 56, 36, 0
31, 37, 4, 29, 13, 0
22, 37, 5, 0, 24, 0
31, 37, 5, 0, 26, 0
22, 37, 6, 28, 19, 0
31, 37, 6, 0, 19, 0
21, 37, 7, 0, 11, 0
32, 37, 7, 0, 5, 0
21, 37, 8, 0, 11, 0
33, 37, 8, 28, 10, 0
21, 37, 9, 3, 8, 0
33, 37, 9, 31, 13, 0
21, 37, 10, 0, 15, 0
32, 37, 10, 0, 0, 0
21, 37, 11, 0, 0, 0
31, 37, 11, 0, 0, 0
21, 37, 12, 0, 0, 0
31, 37, 12, 0, 38, 0
22, 37, 13, 0, 0, 0
23, 37, 13, 0, 0, 0
24, 37, 13, 0, 0, 0
25, 37, 13, 0, 0, 0
30, 37, 13, 0, 0, 0
26, 37, 14, 0, 0, 0
27, 37, 14, 0, 0, 0
28, 37, 14, 0, 0, 0
29, 37, 14, 0, 0, 0
22, 38, 0, 63, 41, 0
23, 38, 0, 89, 64, 11
24, 38, 0, 94, 69, 15
25, 38, 0, 94, 69, 15
26, 38, 0, 94, 71, 15
27, 38, 0, 96, 71, 16
28, 38, 0, 96, 71, 16
29, 38, 0, 93, 68, 15
30, 38, 0, 93, 68, 15
31, 38, 0, 64, 43, 0
22, 38, 1, 63, 41, 0
31, 38, 1, 54, 34, 0
22, 38, 2, 56, 36, 0
31, 38, 2, 59, 38, 0
22, 38, 3, 56, 36, 0
31, 38, 3, 59, 38, 0
23, 38, 4, 0, 0, 0
31, 38, 4, 0, 26, 0
22, 38, 5, 0, 24, 0
31, 38, 5, 0, 19, 0
22, 38, 6, 28, 19, 0
32, 38, 6, 43, 23, 0
21, 38, 7, 46, 26, 0
32, 38, 7, 43, 23, 0
21, 38, 8, 34, 16, 0
33, 38, 8, 31, 15, 0
20, 38, 9, 49, 29, 0
33, 38, 9, 44, 24, 0
21, 38, 10, 49, 29, 0
32, 38, 10, 48, 28, 0
21, 38, 11, 0, 0, 0
31, 38, 11, 0, 33, 0
21, 38, 12, 0, 0, 0
31, 38, 12, 0, 36, 0
22, 38, 13, 0, 0, 0
23, 38, 13, 0, 0, 0
24, 38, 13, 0, 0, 0
25, 38, 13, 0, 0, 0
26, 38, 13, 0, 15, 0
27, 38, 13, 0, 0, 0
30, 38, 13, 0, 33, 0
28, 38, 14, 0, 0, 0
29, 38, 14, 0, 0, 0
22, 39, 0, 10, 18, 0
23, 39, 0, 16, 13, 0
24, 39, 0, 59, 46, 0
25, 39, 0, 93, 68, 13
26, 39, 0, 94, 69, 15
27, 39, 0, 94, 69, 15
28, 39, 0, 93, 68, 13
29, 39, 0, 0, 0, 0
30, 39, 0, 0, 0, 0
31, 39, 0, 3, 8, 0
22, 39, 1, 0, 0, 0
31, 39, 1, 0, 0, 0
22, 39, 2, 0, 0, 0
31, 39, 2, 0, 0, 0
22, 39, 3, 0, 0, 0
31, 39, 3, 0, 0, 0
22, 39, 4, 0, 0, 0
31, 39, 4, 0, 0, 0
22, 39, 5, 0, 11, 0
31, 39, 5, 0, 10, 0
21, 39, 6, 41, 21, 0
32, 39, 6, 44, 24, 0
21, 39, 7, 41, 21, 0
33, 39, 7, 31, 15, 0
20, 39, 8, 18, 1, 0
34, 39, 8, 36, 18, 0
20, 39, 9, 38, 19, 0
34, 39, 9, 41, 23, 0
21, 39, 10, 49, 29, 0
32, 39, 10, 53, 33, 0
33, 39, 10, 46, 26, 0
22, 39, 11, 0, 0, 0
31, 39, 11, 0, 33, 0
21, 39, 12, 0, 0, 0
31, 39, 12, 0, 36, 0
22, 39, 13, 0, 0, 0
23, 39, 13, 0, 0, 0
24, 39, 13, 0, 0, 0
25, 39, 13, 5, 44, 3
26, 39, 13, 5, 44, 3
27, 39, 13, 0, 1, 0
30, 39, 13, 0, 0, 0
28, 39, 14, 0, 0, 0
29, 39, 14, 0, 0, 0
22, 40, 0, 0, 0, 0
23, 40, 0, 0, 0, 0
24, 40, 0, 0, 0, 0
25, 40, 0, 86, 63, 10
26, 40, 0, 3, 0, 0
27, 40, 0, 78, 54, 5
28, 40, 0, 78, 54, 5
29, 40, 0, 0, 0, 0
30, 40, 0, 0, 0, 0
31, 40, 0, 0, 0, 0
22, 40, 1, 0, 0, 0
31, 40, 1, 0, 0, 0
22, 40, 2, 0, 0, 0
31, 40, 2, 0, 0, 0
22, 40, 3, 0, 0, 0
31, 40, 3, 0, 0, 0
22, 40, 4, 0, 0, 0
31, 40, 4, 0, 0, 0
22, 40, 5, 0, 0, 0
31, 40, 5, 0, 0, 0
21, 40, 6, 41, 21, 0
32, 40, 6, 11, 0, 0
20, 40, 7, 15, 0, 0
33, 40, 7, 18, 3, 0
20, 40, 8, 18, 1, 0
34, 40, 8, 18, 1, 0
20, 40, 9, 38, 19, 0
34, 40, 9, 18, 1, 0
20, 40, 10, 38, 19, 0
21, 40, 10, 33, 15, 0
32, 40, 10, 51, 31, 0
33, 40, 10, 46, 26, 0
22, 40, 11, 0, 0, 0
31, 40, 11, 0, 26, 0
21, 40, 12, 0, 0, 0
31, 40, 12, 6, 46, 5
22, 40, 13, 0, 0, 0
23, 40, 13, 0, 0, 0
24, 40, 13, 0, 0, 0
25, 40, 13, 8, 48, 5
26, 40, 13, 11, 53, 8
27, 40, 13, 8, 48, 5
30, 40, 13, 0, 0, 0
28, 40, 14, 0, 0, 0
29, 40, 14, 0, 0, 0
21, 41, 0, 68, 68, 68
22, 41, 0, 3, 26, 1
23, 41, 0, 0, 0, 0
24, 41, 0, 0, 0, 0
25, 41, 0, 31, 16, 0
26, 41, 0, 3, 0, 0
27, 41, 0, 0, 0, 0
28, 41, 0, 78, 54, 5
29, 41, 0, 0, 0, 0
30, 41, 0, 0, 0, 0
31, 41, 0, 0, 13, 0
32, 41, 0, 61, 61, 61
21, 41, 1, 58, 58, 58
32, 41, 1, 61, 61, 61
33, 41, 1, 64, 64, 64
21, 41, 2, 21, 21, 21
32, 41, 2, 43, 43, 43
33, 41, 2, 59, 59, 59
21, 41, 3, 21, 21, 21
32, 41, 3, 43, 43, 43
33, 41, 3, 43, 43, 43
20, 41, 4, 0, 8, 0
21, 41, 4, 0, 0, 0
31, 41, 4, 0, 0, 0
16, 41, 5, 23, 6, 0
17, 41, 5, 26, 10, 0
20, 41, 5, 0, 0, 0
21, 41, 5, 0, 0, 0
32, 41, 5, 11, 0, 0
16, 41, 6, 6, 0, 0
17, 41, 6, 26, 10, 0
18, 41, 6, 24, 8, 0
19, 41, 6, 24, 8, 0
20, 41, 6, 0, 0, 0
33, 41, 6, 0, 0, 0
34, 41, 6, 5, 0, 0
35, 41, 6, 0, 0, 0
16, 41, 7, 0, 0, 0
17, 41, 7, 0, 0, 0
18, 41, 7, 0, 0, 0
19, 41, 7, 0, 0, 0
34, 41, 7, 0, 0, 0
35, 41, 7, 0, 0, 0
16, 41, 8, 23, 6, 0
17, 41, 8, 5, 0, 0
18, 41, 8, 5, 0, 0
19, 41, 8, 21, 5, 0
35, 41, 8, 0, 0, 0
36, 41, 8, 0, 0, 0
19, 41, 9, 38, 19, 0
34, 41, 9, 28, 11, 0
20, 41, 10, 33, 15, 0
21, 41, 10, 5, 0, 0
32, 41, 10, 29, 13, 0
33, 41, 10, 24, 8, 0
34, 41, 10, 28, 11, 0
22, 41, 11, 0, 0, 0
31, 41, 11, 5, 43, 1
21, 41, 12, 0, 0, 0
31, 41, 12, 8, 46, 5
22, 41, 13, 0, 0, 0
23, 41, 13, 0, 0, 0
24, 41, 13, 0, 0, 0
25, 41, 13, 0, 0, 0
26, 41, 13, 10, 51, 8
27, 41, 13, 10, 51, 8
28, 41, 13, 0, 15, 0
29, 41, 13, 0, 0, 0
30, 41, 13, 6, 46, 5
28, 41, 14, 0, 0, 0
29, 41, 14, 0, 0, 0
21, 42, 0, 74, 74, 74
22, 42, 0, 3, 26, 1
23, 42, 0, 0, 0, 0
24, 42, 0, 0, 3, 0
25, 42, 0, 6, 0, 0
26, 42, 0, 0, 0, 0
27, 42, 0, 0, 0, 0
28, 42, 0, 0, 0, 0
29, 42, 0, 0, 0, 0
30, 42, 0, 0, 1, 0
31, 42, 0, 0, 16, 0
32, 42, 0, 74, 74, 74
21, 42, 1, 69, 69, 69
33, 42, 1, 64, 64, 64
21, 42, 2, 61, 61, 61
33, 42, 2, 64, 64, 64
21, 42, 3, 1, 1, 1
33, 42, 3, 49, 49, 49
19, 42, 4, 0, 19, 0
20, 42, 4, 0, 8, 0
32, 42, 4, 0, 10, 0
33, 42, 4, 0, 10, 0
34, 42, 4, 0, 18, 0
11, 42, 5, 0, 38, 0
12, 42, 5, 5, 15, 0
13, 42, 5, 61, 39, 0
14, 42, 5, 48, 28, 0
15, 42, 5, 48, 28, 0
16, 42, 5, 58, 36, 0
17, 42, 5, 54, 34, 0
18, 42, 5, 54, 34, 0
19, 42, 5, 0, 0, 0
33, 42, 5, 0, 0, 0
34, 42, 5, 0, 0, 0
35, 42, 5, 56, 36, 0
36, 42, 5, 56, 36, 0
37, 42, 5, 64, 43, 0
38, 42, 5, 64, 43, 0
39, 42, 5, 33, 15, 0
10, 42, 6, 0, 38, 0
11, 42, 6, 0, 38, 0
12, 42, 6, 5, 15, 0
13, 42, 6, 38, 18, 0
14, 42, 6, 34, 16, 0
15, 42, 6, 23, 6, 0
36, 42, 6, 13, 0, 0
37, 42, 6, 3, 0, 0
38, 42, 6, 13, 0, 0
11, 42, 7, 0, 28, 0
12, 42, 7, 0, 11, 0
13, 42, 7, 43, 24, 0
14, 42, 7, 63, 41, 0
15, 42, 7, 56, 34, 0
36, 42, 7, 0, 0, 0
37, 42, 7, 11, 0, 0
38, 42, 7, 11, 0, 0
11, 42, 8, 0, 33, 0
12, 42, 8, 0, 11, 0
15, 42, 8, 59, 38, 0
16, 42, 8, 49, 29, 0
17, 42, 8, 44, 24, 0
35, 42, 8, 38, 19, 0
36, 42, 8, 29, 11, 0
37, 42, 8, 29, 11, 0
18, 42, 9, 36, 18, 0
34, 42, 9, 36, 18, 0
19, 42, 10, 0, 0, 0
20, 42, 10, 0, 0, 0
21, 42, 10, 5, 0, 0
32, 42, 10, 29, 13, 0
33, 42, 10, 24, 8, 0
34, 42, 10, 16, 0, 0
22, 42, 11, 0, 0, 0
31, 42, 11, 5, 43, 1
22, 42, 12, 0, 0, 0
23, 42, 12, 0, 0, 0
24, 42, 12, 0, 0, 0
25, 42, 12, 0, 8, 0
28, 42, 12, 8, 46, 5
29, 42, 12, 6, 46, 5
30, 42, 12, 8, 48, 5
22, 42, 13, 0, 0, 0
23, 42, 13, 0, 0, 0
24, 42, 13, 0, 0, 0
26, 42, 13, 6, 46, 5
27, 42, 13, 6, 46, 5
21, 43, 0, 76, 76, 76
22, 43, 0, 0, 16, 0
23, 43, 0, 0, 0, 0
24, 43, 0, 0, 0, 0
25, 43, 0, 23, 11, 0
26, 43, 0, 0, 0, 0
27, 43, 0, 0, 0, 0
28, 43, 0, 1, 0, 0
29, 43, 0, 0, 0, 0
30, 43, 0, 0, 1, 0
31, 43, 0, 0, 18, 0
32, 43, 0, 74, 74, 74
21, 43, 1, 66, 66, 66
33, 43, 1, 66, 66, 66
21, 43, 2, 66, 66, 66
33, 43, 2, 59, 59, 59
21, 43, 3, 21, 21, 21
33, 43, 3, 59, 59, 59
14, 43, 4, 83, 59, 8
15, 43, 4, 83, 59, 8
16, 43, 4, 73, 51, 1
18, 43, 4, 0, 0, 0
19, 43, 4, 0, 33, 0
20, 43, 4, 1, 39, 0
34, 43, 4, 0, 18, 0
10, 43, 5, 6, 46, 3
11, 43, 5, 6, 44, 3
12, 43, 5, 36, 44, 0
13, 43, 5, 81, 58, 6
17, 43, 5, 73, 51, 1
35, 43, 5, 56, 36, 0
36, 43, 5, 56, 36, 0
37, 43, 5, 64, 43, 0
38, 43, 5, 64, 43, 0
39, 43, 5, 48, 28, 0
40, 43, 5, 48, 28, 0
41, 43, 5, 3, 10, 0
42, 43, 5, 5, 43, 1
8, 43, 6, 1, 39, 0
9, 43, 6, 1, 39, 0
39, 43, 6, 28, 10, 0
40, 43, 6, 48, 28, 0
41, 43, 6, 3, 10, 0
42, 43, 6, 5, 43, 1
43, 43, 6, 5, 43, 1
44, 43, 6, 6, 44, 3
7, 43, 7, 0, 16, 0
8, 43, 7, 3, 43, 1
9, 43, 7, 0, 31, 0
10, 43, 7, 0, 31, 0
13, 43, 7, 68, 46, 0
14, 43, 7, 63, 41, 0
39, 43, 7, 28, 10, 0
40, 43, 7, 66, 44, 0
41, 43, 7, 5, 16, 0
42, 43, 7, 0, 29, 0
43, 43, 7, 5, 43, 1
7, 43, 8, 0, 34, 0
8, 43, 8, 0, 34, 0
9, 43, 8, 3, 41, 0
10, 43, 8, 1, 38, 0
11, 43, 8, 1, 38, 0
12, 43, 8, 0, 11, 0
15, 43, 8, 64, 44, 0
16, 43, 8, 61, 39, 0
36, 43, 8, 53, 31, 0
37, 43, 8, 63, 41, 0
38, 43, 8, 61, 39, 0
41, 43, 8, 0, 18, 0
42, 43, 8, 0, 29, 0
43, 43, 8, 0, 36, 0
0, 43, 9, 0, 0, 0
1, 43, 9, 0, 0, 0
17, 43, 9, 0, 0, 0
35, 43, 9, 0, 0, 0
0, 43, 10, 0, 0, 0
1, 43, 10, 0, 0, 0
3, 43, 10, 0, 0, 0
4, 43, 10, 0, 0, 0
17, 43, 10, 0, 24, 0
18, 43, 10, 0, 24, 0
19, 43, 10, 0, 0, 0
20, 43, 10, 0, 0, 0
21, 43, 10, 0, 0, 0
32, 43, 10, 0, 0, 0
33, 43, 10, 0, 0, 0
34, 43, 10, 0, 0, 0
35, 43, 10, 0, 0, 0
0, 43, 11, 0, 0, 0
1, 43, 11, 0, 0, 0
3, 43, 11, 0, 0, 0
4, 43, 11, 0, 0, 0
22, 43, 11, 0, 0, 0
23, 43, 11, 0, 26, 0
24, 43, 11, 0, 26, 0
29, 43, 11, 6, 44, 1
30, 43, 11, 6, 44, 1
31, 43, 11, 5, 39, 0
50, 43, 11, 0, 0, 0
25, 43, 12, 8, 48, 5
26, 43, 12, 8, 48, 5
27, 43, 12, 8, 49, 6
28, 43, 12, 6, 41, 0
21, 44, 0, 76, 76, 76
22, 44, 0, 0, 0, 0
23, 44, 0, 0, 0, 0
24, 44, 0, 0, 6, 0
25, 44, 0, 0, 8, 0
26, 44, 0, 0, 0, 0
27, 44, 0, 0, 13, 0
28, 44, 0, 0, 13, 0
29, 44, 0, 0, 0, 0
30, 44, 0, 0, 18, 0
31, 44, 0, 0, 18, 0
32, 44, 0, 69, 69, 69
21, 44, 1, 66, 66, 66
33, 44, 1, 68, 68, 68
21, 44, 2, 66, 66, 66
33, 44, 2, 63, 63, 63
21, 44, 3, 33, 33, 33
33, 44, 3, 63, 63, 63
11, 44, 4, 6, 46, 3
12, 44, 4, 53, 49, 3
13, 44, 4, 83, 58, 6
14, 44, 4, 83, 59, 8
15, 44, 4, 83, 59, 8
16, 44, 4, 73, 51, 1
17, 44, 4, 0, 31, 0
18, 44, 4, 0, 31, 0
19, 44, 4, 0, 0, 0
20, 44, 4, 6, 46, 3
34, 44, 4, 0, 10, 0
35, 44, 4, 0, 0, 0
36, 44, 4, 76, 53, 3
37, 44, 4, 76, 53, 3
38, 44, 4, 83, 58, 8
39, 44, 4, 83, 58, 8
40, 44, 4, 83, 59, 8
41, 44, 4, 6, 46, 5
9, 44, 5, 6, 46, 3
10, 44, 5, 6, 46, 5
42, 44, 5, 6, 46, 5
43, 44, 5, 6, 44, 3
7, 44, 6, 3, 43, 1
8, 44, 6, 3, 43, 1
44, 44, 6, 6, 44, 3
45, 44, 6, 5, 43, 1
5, 44, 7, 0, 0, 0
6, 44, 7, 0, 16, 0
13, 44, 7, 69, 48, 0
14, 44, 7, 79, 54, 5
39, 44, 7, 76, 53, 3
40, 44, 7, 66, 44, 0
44, 44, 7, 0, 34, 0
45, 44, 7, 5, 44, 3
46, 44, 7, 5, 44, 3
47, 44, 7, 18, 38, 0
2, 44, 8, 0, 0, 0
3, 44, 8, 0, 0, 0
4, 44, 8, 0, 0, 0
5, 44, 8, 0, 0, 0
6, 44, 8, 0, 0, 0
8, 44, 8, 0, 34, 0
9, 44, 8, 8, 48, 6
10, 44, 8, 8, 48, 6
11, 44, 8, 6, 46, 5
12, 44, 8, 16, 41, 0
15, 44, 8, 64, 44, 0
16, 44, 8, 59, 39, 0
37, 44, 8, 63, 41, 0
38, 44, 8, 69, 46, 0
41, 44, 8, 5, 16, 0
42, 44, 8, 5, 44, 3
43, 44, 8, 0, 36, 0
44, 44, 8, 0, 34, 0
45, 44, 8, 1, 39, 0
46, 44, 8, 1, 39, 0
47, 44, 8, 0, 0, 0
0, 44, 9, 0, 0, 0
1, 44, 9, 0, 0, 0
2, 44, 9, 0, 0, 0
3, 44, 9, 0, 0, 0
4, 44, 9, 0, 0, 0
5, 44, 9, 0, 0, 0
6, 44, 9, 0, 0, 0
7, 44, 9, 0, 0, 0
17, 44, 9, 0, 24, 0
21, 44, 9, 0, 0, 0
36, 44, 9, 0, 31, 0
46, 44, 9, 0, 11, 0
52, 44, 9, 0, 0, 0
53, 44, 9, 0, 0, 0
0, 44, 10, 0, 0, 0
2, 44, 10, 0, 0, 0
5, 44, 10, 0, 0, 0
17, 44, 10, 0, 24, 0
18, 44, 10, 0, 24, 0
19, 44, 10, 0, 0, 0
20, 44, 10, 0, 0, 0
22, 44, 10, 0, 31, 0
31, 44, 10, 3, 39, 0
32, 44, 10, 0, 0, 0
33, 44, 10, 0, 0, 0
34, 44, 10, 0, 10, 0
35, 44, 10, 0, 31, 0
36, 44, 10, 0, 31, 0
49, 44, 10, 0, 0, 0
50, 44, 10, 0, 0, 0
52, 44, 10, 0, 0, 0
53, 44, 10, 0, 0, 0
0, 44, 11, 0, 0, 0
2, 44, 11, 0, 0, 0
3, 44, 11, 0, 0, 0
4, 44, 11, 0, 0, 0
23, 44, 11, 0, 36, 0
24, 44, 11, 63, 41, 0
25, 44, 11, 54, 34, 0
26, 44, 11, 21, 6, 0
27, 44, 11, 3, 0, 0
28, 44, 11, 56, 36, 0
29, 44, 11, 64, 43, 0
30, 44, 11, 0, 15, 0
49, 44, 11, 0, 0, 0
50, 44, 11, 0, 0, 0
52, 44, 11, 0, 0, 0
53, 44, 11, 0, 0, 0
1, 44, 12, 0, 0, 0
21, 45, 0, 76, 76, 76
22, 45, 0, 38, 58, 38
23, 45, 0, 0, 0, 0
24, 45, 0, 3, 39, 1
25, 45, 0, 3, 39, 1
26, 45, 0, 0, 0, 0
27, 45, 0, 0, 13, 0
28, 45, 0, 0, 13, 0
29, 45, 0, 0, 29, 0
30, 45, 0, 0, 29, 0
31, 45, 0, 33, 43, 31
32, 45, 0, 68, 68, 68
21, 45, 1, 73, 73, 73
33, 45, 1, 68, 68, 68
21, 45, 2, 66, 66, 66
33, 45, 2, 68, 68, 68
21, 45, 3, 33, 33, 33
33, 45, 3, 36, 36, 36
11, 45, 4, 5, 43, 1
12, 45, 4, 53, 49, 3
13, 45, 4, 83, 58, 6
17, 45, 4, 0, 31, 0
18, 45, 4, 0, 31, 0
19, 45, 4, 11, 51, 8
20, 45, 4, 59, 93, 56
21, 45, 4, 31, 68, 28
34, 45, 4, 0, 21, 0
35, 45, 4, 3, 39, 0
36, 45, 4, 3, 39, 0
37, 45, 4, 63, 41, 0
38, 45, 4, 84, 59, 8
39, 45, 4, 83, 58, 8
40, 45, 4, 84, 59, 8
41, 45, 4, 23, 43, 0
42, 45, 4, 6, 46, 5
9, 45, 5, 1, 38, 0
10, 45, 5, 3, 41, 1
14, 45, 5, 83, 58, 6
15, 45, 5, 83, 58, 6
16, 45, 5, 10, 1, 0
43, 45, 5, 6, 46, 5
44, 45, 5, 8, 48, 5
7, 45, 6, 0, 34, 0
8, 45, 6, 1, 38, 0
45, 45, 6, 6, 46, 5
46, 45, 6, 6, 46, 5
5, 45, 7, 0, 0, 0
6, 45, 7, 0, 34, 0
14, 45, 7, 79, 54, 5
40, 45, 7, 78, 54, 3
47, 45, 7, 0, 0, 0
48, 45, 7, 0, 0, 0
2, 45, 8, 0, 0, 0
3, 45, 8, 0, 0, 0
4, 45, 8, 0, 0, 0
9, 45, 8, 8, 48, 6
10, 45, 8, 8, 48, 6
11, 45, 8, 6, 46, 5
12, 45, 8, 16, 41, 0
13, 45, 8, 76, 53, 3
14, 45, 8, 79, 54, 5
15, 45, 8, 68, 46, 0
38, 45, 8, 73, 49, 1
39, 45, 8, 76, 53, 3
41, 45, 8, 19, 43, 0
42, 45, 8, 8, 48, 5
43, 45, 8, 8, 46, 5
44, 45, 8, 8, 48, 6
48, 45, 8, 0, 0, 0
49, 45, 8, 0, 0, 0
50, 45, 8, 0, 0, 0
51, 45, 8, 0, 0, 0
1, 45, 9, 0, 0, 0
6, 45, 9, 0, 0, 0
7, 45, 9, 3, 31, 0
8, 45, 9, 8, 49, 6
16, 45, 9, 0, 0, 0
17, 45, 9, 0, 0, 0
18, 45, 9, 0, 0, 0
19, 45, 9, 0, 0, 0
20, 45, 9, 0, 0, 0
21, 45, 9, 0, 0, 0
22, 45, 9, 0, 21, 0
23, 45, 9, 3, 39, 0
31, 45, 9, 0, 24, 0
32, 45, 9, 0, 0, 0
36, 45, 9, 0, 31, 0
37, 45, 9, 0, 16, 0
45, 45, 9, 8, 48, 5
46, 45, 9, 0, 11, 0
47, 45, 9, 0, 0, 0
48, 45, 9, 0, 0, 0
49, 45, 9, 0, 0, 0
50, 45, 9, 0, 0, 0
51, 45, 9, 0, 0, 0
52, 45, 9, 0, 0, 0
53, 45, 9, 0, 0, 0
0, 45, 10, 0, 0, 0
1, 45, 10, 0, 0, 0
4, 45, 10, 0, 0, 0
5, 45, 10, 0, 0, 0
23, 45, 10, 3, 39, 0
24, 45, 10, 54, 34, 0
29, 45, 10, 56, 36, 0
30, 45, 10, 3, 38, 0
33, 45, 10, 0, 0, 0
34, 45, 10, 0, 10, 0
35, 45, 10, 0, 31, 0
48, 45, 10, 0, 0, 0
51, 45, 10, 0, 0, 0
53, 45, 10, 0, 0, 0
1, 45, 11, 0, 0, 0
2, 45, 11, 0, 0, 0
3, 45, 11, 0, 0, 0
25, 45, 11, 54, 34, 0
28, 45, 11, 56, 36, 0
49, 45, 11, 0, 0, 0
50, 45, 11, 0, 0, 0
51, 45, 11, 0, 0, 0
53, 45, 11, 0, 0, 0
25, 45, 12, 0, 0, 0
26, 45, 12, 0, 0, 0
27, 45, 12, 0, 0, 0
28, 45, 12, 0, 0, 0
52, 45, 12, 0, 0, 0
53, 45, 12, 0, 0, 0
25, 45, 13, 10, 31, 8
26, 45, 13, 0, 0, 0
27, 45, 13, 0, 0, 0
28, 45, 13, 8, 36, 6
22, 46, 0, 10, 51, 8
23, 46, 0, 16, 59, 15
24, 46, 0, 3, 39, 1
25, 46, 0, 16, 59, 15
26, 46, 0, 16, 59, 15
27, 46, 0, 16, 59, 15
28, 46, 0, 16, 59, 15
29, 46, 0, 16, 59, 15
30, 46, 0, 16, 59, 15
31, 46, 0, 10, 53, 8
21, 46, 1, 69, 69, 69
32, 46, 1, 68, 68, 68
33, 46, 1, 69, 69, 69
21, 46, 2, 69, 69, 69
32, 46, 2, 68, 68, 68
33, 46, 2, 69, 69, 69
21, 46, 3, 56, 56, 56
32, 46, 3, 54, 54, 54
33, 46, 3, 64, 64, 64
17, 46, 4, 0, 18, 0
18, 46, 4, 0, 3, 0
19, 46, 4, 132, 151, 132
20, 46, 4, 59, 93, 56
22, 46, 4, 0, 15, 0
23, 46, 4, 0, 15, 0
24, 46, 4, 0, 0, 0
25, 46, 4, 0, 0, 0
26, 46, 4, 0, 0, 0
27, 46, 4, 0, 0, 0
28, 46, 4, 0, 0, 0
29, 46, 4, 0, 0, 0
30, 46, 4, 0, 15, 0
31, 46, 4, 0, 26, 0
32, 46, 4, 6, 46, 3
33, 46, 4, 10, 51, 8
34, 46, 4, 11, 51, 8
35, 46, 4, 3, 39, 0
36, 46, 4, 3, 39, 0
41, 46, 4, 5, 44, 3
11, 46, 5, 1, 39, 0
12, 46, 5, 13, 43, 0
13, 46, 5, 81, 58, 6
14, 46, 5, 81, 58, 6
15, 46, 5, 79, 56, 5
16, 46, 5, 0, 18, 0
21, 46, 5, 0, 16, 0
22, 46, 5, 8, 48, 6
23, 46, 5, 0, 33, 0
24, 46, 5, 53, 33, 0
25, 46, 5, 54, 34, 0
29, 46, 5, 5, 5, 0
30, 46, 5, 0, 28, 0
37, 46, 5, 19, 24, 0
38, 46, 5, 83, 58, 6
39, 46, 5, 84, 59, 8
40, 46, 5, 83, 59, 8
42, 46, 5, 5, 44, 3
43, 46, 5, 5, 44, 3
44, 46, 5, 3, 41, 1
7, 46, 6, 0, 34, 0
8, 46, 6, 1, 38, 0
9, 46, 6, 1, 38, 0
10, 46, 6, 1, 39, 0
13, 46, 6, 83, 59, 8
14, 46, 6, 81, 58, 6
22, 46, 6, 3, 39, 0
23, 46, 6, 0, 33, 0
30, 46, 6, 0, 28, 0
45, 46, 6, 3, 41, 1
46, 46, 6, 0, 34, 0
5, 46, 7, 0, 0, 0
6, 46, 7, 0, 0, 0
12, 46, 7, 23, 49, 5
13, 46, 7, 83, 59, 8
15, 46, 7, 3, 41, 1
22, 46, 7, 0, 33, 0
39, 46, 7, 81, 56, 6
40, 46, 7, 83, 59, 8
47, 46, 7, 0, 34, 0
48, 46, 7, 0, 0, 0
3, 46, 8, 0, 0, 0
4, 46, 8, 0, 0, 0
5, 46, 8, 0, 0, 0
6, 46, 8, 0, 0, 0
9, 46, 8, 10, 51, 6
10, 46, 8, 10, 51, 8
11, 46, 8, 10, 49, 6
12, 46, 8, 10, 49, 6
16, 46, 8, 3, 41, 1
22, 46, 8, 0, 21, 0
23, 46, 8, 0, 21, 0
31, 46, 8, 0, 6, 0
38, 46, 8, 68, 44, 0
40, 46, 8, 81, 58, 6
41, 46, 8, 19, 43, 0
42, 46, 8, 8, 48, 5
43, 46, 8, 11, 53, 8
44, 46, 8, 8, 48, 6
49, 46, 8, 0, 0, 0
50, 46, 8, 0, 0, 0
51, 46, 8, 0, 0, 0
2, 46, 9, 0, 0, 0
3, 46, 9, 0, 0, 0
4, 46, 9, 0, 0, 0
5, 46, 9, 0, 0, 0
6, 46, 9, 0, 0, 0
7, 46, 9, 0, 24, 0
8, 46, 9, 10, 51, 6
9, 46, 9, 10, 51, 6
16, 46, 9, 3, 39, 0
17, 46, 9, 11, 53, 8
18, 46, 9, 11, 53, 8
19, 46, 9, 0, 0, 0
20, 46, 9, 10, 49, 6
21, 46, 9, 0, 0, 0
24, 46, 9, 0, 0, 0
30, 46, 9, 0, 24, 0
31, 46, 9, 0, 0, 0
32, 46, 9, 0, 6, 0
33, 46, 9, 0, 0, 0
34, 46, 9, 0, 0, 0
35, 46, 9, 0, 0, 0
36, 46, 9, 11, 53, 10
37, 46, 9, 0, 21, 0
45, 46, 9, 11, 53, 8
46, 46, 9, 0, 28, 0
47, 46, 9, 0, 0, 0
51, 46, 9, 0, 0, 0
52, 46, 9, 0, 0, 0
2, 46, 10, 0, 0, 0
3, 46, 10, 0, 0, 0
4, 46, 10, 0, 0, 0
24, 46, 10, 0, 0, 0
29, 46, 10, 0, 0, 0
48, 46, 10, 0, 0, 0
49, 46, 10, 0, 0, 0
51, 46, 10, 0, 0, 0
52, 46, 10, 0, 0, 0
24, 46, 11, 0, 0, 0
29, 46, 11, 0, 6, 0
50, 46, 11, 0, 0, 0
51, 46, 11, 0, 0, 0
52, 46, 11, 0, 0, 0
25, 46, 12, 0, 0, 0
29, 46, 12, 0, 13, 0
25, 46, 13, 0, 0, 0
28, 46, 13, 0, 13, 0
26, 46, 14, 8, 48, 5
27, 46, 14, 8, 48, 6
22, 47, 1, 13, 54, 11
23, 47, 1, 13, 54, 10
24, 47, 1, 13, 54, 11
25, 47, 1, 13, 54, 11
26, 47, 1, 11, 53, 8
27, 47, 1, 13, 56, 11
28, 47, 1, 15, 56, 11
29, 47, 1, 15, 56, 11
30, 47, 1, 11, 53, 10
31, 47, 1, 11, 53, 10
22, 47, 2, 3, 43, 1
23, 47, 2, 13, 54, 10
24, 47, 2, 13, 54, 10
25, 47, 2, 11, 53, 8
26, 47, 2, 11, 53, 8
27, 47, 2, 10, 51, 6
28, 47, 2, 10, 51, 6
29, 47, 2, 8, 49, 6
30, 47, 2, 8, 49, 6
31, 47, 2, 5, 44, 1
22, 47, 3, 3, 43, 1
23, 47, 3, 0, 31, 0
24, 47, 3, 0, 23, 0
25, 47, 3, 0, 23, 0
26, 47, 3, 0, 26, 0
27, 47, 3, 0, 31, 0
28, 47, 3, 0, 34, 0
29, 47, 3, 8, 49, 6
30, 47, 3, 8, 49, 6
31, 47, 3, 0, 36, 0
34, 47, 4, 43, 66, 41
35, 47, 4, 0, 13, 0
16, 47, 5, 0, 10, 0
17, 47, 5, 31, 66, 28
18, 47, 5, 88, 118, 86
19, 47, 5, 132, 151, 132
20, 47, 5, 11, 53, 8
21, 47, 5, 11, 53, 8
26, 47, 5, 0, 8, 0
27, 47, 5, 0, 0, 0
28, 47, 5, 0, 0, 0
31, 47, 5, 15, 53, 11
32, 47, 5, 74, 106, 73
33, 47, 5, 74, 106, 73
36, 47, 5, 0, 13, 0
37, 47, 5, 19, 24, 0
38, 47, 5, 83, 58, 6
40, 47, 5, 83, 59, 8
41, 47, 5, 28, 48, 3
42, 47, 5, 5, 44, 3
10, 47, 6, 6, 46, 3
11, 47, 6, 6, 46, 3
12, 47, 6, 13, 43, 0
15, 47, 6, 0, 0, 0
16, 47, 6, 0, 10, 0
17, 47, 6, 101, 129, 99
20, 47, 6, 11, 53, 8
21, 47, 6, 0, 23, 0
24, 47, 6, 0, 26, 0
25, 47, 6, 0, 0, 0
29, 47, 6, 0, 0, 0
31, 47, 6, 5, 43, 1
38, 47, 6, 73, 53, 3
39, 47, 6, 83, 59, 8
40, 47, 6, 83, 59, 8
41, 47, 6, 28, 48, 3
42, 47, 6, 5, 44, 3
43, 47, 6, 5, 43, 1
44, 47, 6, 3, 41, 1
45, 47, 6, 3, 41, 1
7, 47, 7, 5, 44, 3
8, 47, 7, 8, 48, 5
9, 47, 7, 10, 51, 6
10, 47, 7, 6, 46, 5
11, 47, 7, 10, 51, 8
15, 47, 7, 3, 41, 1
16, 47, 7, 3, 41, 1
17, 47, 7, 51, 86, 48
19, 47, 7, 81, 106, 79
20, 47, 7, 11, 53, 8
21, 47, 7, 11, 51, 8
23, 47, 7, 0, 0, 0
30, 47, 7, 0, 15, 0
31, 47, 7, 8, 48, 5
38, 47, 7, 15, 51, 11
41, 47, 7, 13, 49, 5
42, 47, 7, 11, 53, 8
43, 47, 7, 11, 53, 8
44, 47, 7, 10, 49, 6
45, 47, 7, 6, 46, 3
46, 47, 7, 1, 39, 0
47, 47, 7, 0, 0, 0
7, 47, 8, 0, 24, 0
8, 47, 8, 11, 51, 8
17, 47, 8, 3, 39, 0
18, 47, 8, 81, 106, 79
19, 47, 8, 81, 106, 79
20, 47, 8, 11, 53, 8
21, 47, 8, 10, 51, 8
23, 47, 8, 0, 26, 0
30, 47, 8, 0, 13, 0
32, 47, 8, 0, 0, 0
37, 47, 8, 15, 51, 11
43, 47, 8, 11, 53, 8
44, 47, 8, 11, 53, 8
45, 47, 8, 11, 53, 8
46, 47, 8, 0, 28, 0
47, 47, 8, 0, 0, 0
48, 47, 8, 0, 0, 0
49, 47, 8, 0, 0, 0
23, 47, 9, 0, 0, 0
30, 47, 9, 0, 0, 0
33, 47, 9, 0, 0, 0
34, 47, 9, 11, 53, 8
35, 47, 9, 11, 53, 8
36, 47, 9, 11, 53, 10
45, 47, 9, 11, 53, 8
46, 47, 9, 0, 28, 0
47, 47, 9, 0, 0, 0
48, 47, 9, 0, 0, 0
49, 47, 9, 0, 0, 0
50, 47, 9, 0, 0, 0
23, 47, 10, 0, 0, 0
30, 47, 10, 0, 0, 0
49, 47, 10, 0, 0, 0
50, 47, 10, 0, 0, 0
24, 47, 11, 0, 0, 0
30, 47, 11, 0, 0, 0
24, 47, 12, 0, 1, 0
29, 47, 12, 0, 13, 0
24, 47, 13, 18, 18, 18
29, 47, 13, 0, 0, 0
25, 47, 14, 0, 5, 0
26, 47, 14, 10, 51, 6
27, 47, 14, 8, 48, 6
28, 47, 14, 0, 19, 0
25, 48, 5, 0, 31, 0
26, 48, 5, 0, 8, 0
27, 48, 5, 0, 0, 0
28, 48, 5, 0, 0, 0
32, 48, 5, 74, 106, 73
33, 48, 5, 74, 106, 73
34, 48, 5, 131, 149, 131
35, 48, 5, 131, 149, 131
36, 48, 5, 83, 109, 81
18, 48, 6, 56, 83, 54
19, 48, 6, 56, 83, 54
24, 48, 6, 0, 26, 0
29, 48, 6, 0, 8, 0
32, 48, 6, 5, 43, 1
33, 48, 6, 74, 106, 73
34, 48, 6, 131, 149, 129
35, 48, 6, 159, 172, 159
36, 48, 6, 128, 146, 128
37, 48, 6, 31, 66, 29
18, 48, 7, 116, 144, 116
23, 48, 7, 0, 26, 0
30, 48, 7, 0, 38, 0
32, 48, 7, 19, 59, 18
33, 48, 7, 15, 36, 13
34, 48, 7, 38, 73, 36
35, 48, 7, 38, 73, 36
36, 48, 7, 3, 26, 1
37, 48, 7, 15, 51, 11
23, 48, 8, 0, 26, 0
30, 48, 8, 0, 13, 0
33, 48, 8, 15, 36, 13
34, 48, 8, 38, 73, 36
35, 48, 8, 38, 73, 36
36, 48, 8, 46, 79, 44
23, 48, 9, 0, 26, 0
30, 48, 9, 0, 0, 0
23, 48, 10, 0, 0, 0
30, 48, 10, 0, 0, 0
24, 48, 11, 0, 0, 0
30, 48, 11, 0, 21, 0
24, 48, 12, 0, 0, 0
29, 48, 12, 0, 0, 0
24, 48, 13, 26, 26, 26
29, 48, 13, 26, 26, 26
25, 48, 14, 0, 5, 0
26, 48, 14, 13, 44, 11
27, 48, 14, 8, 46, 5
28, 48, 14, 0, 19, 0
25, 49, 5, 0, 31, 0
26, 49, 5, 0, 31, 0
27, 49, 5, 0, 36, 0
28, 49, 5, 0, 8, 0
29, 49, 5, 0, 8, 0
24, 49, 6, 0, 3, 0
30, 49, 6, 0, 0, 0
23, 49, 7, 0, 18, 0
30, 49, 7, 0, 38, 0
23, 49, 8, 6, 44, 3
30, 49, 8, 0, 19, 0
23, 49, 9, 0, 0, 0
30, 49, 9, 0, 0, 0
23, 49, 10, 0, 0, 0
30, 49, 10, 0, 0, 0
23, 49, 11, 0, 34, 0
30, 49, 11, 0, 0, 0
24, 49, 12, 0, 0, 0
29, 49, 12, 0, 0, 0
25, 49, 13, 0, 0, 0
28, 49, 13, 0, 0, 0
26, 49, 14, 19, 53, 18
27, 49, 14, 15, 51, 13
28, 49, 14, 23, 54, 21
25, 50, 5, 6, 46, 5
26, 50, 5, 8, 46, 5
27, 50, 5, 8, 49, 6
28, 50, 5, 0, 26, 0
29, 50, 5, 0, 26, 0
23, 50, 6, 5, 44, 3
24, 50, 6, 5, 44, 3
30, 50, 6, 5, 44, 3
23, 50, 7, 5, 44, 3
30, 50, 7, 0, 13, 0
23, 50, 8, 6, 44, 3
31, 50, 8, 0, 28, 0
23, 50, 9, 6, 46, 3
31, 50, 9, 0, 24, 0
23, 50, 10, 5, 44, 3
31, 50, 10, 0, 31, 0
23, 50, 11, 5, 44, 3
30, 50, 11, 0, 0, 0
24, 50, 12, 39, 0, 0
29, 50, 12, 59, 0, 0
25, 50, 13, 0, 0, 0
26, 50, 13, 0, 0, 0
27, 50, 13, 0, 0, 0
28, 50, 13, 46, 0, 0
25, 51, 5, 11, 51, 8
26, 51, 5, 10, 49, 6
27, 51, 5, 8, 49, 6
28, 51, 5, 8, 49, 6
24, 51, 6, 6, 46, 5
29, 51, 6, 10, 49, 6
23, 51, 7, 10, 49, 6
30, 51, 7, 6, 46, 3
23, 51, 8, 10, 49, 6
31, 51, 8, 3, 31, 1
23, 51, 9, 10, 49, 6
31, 51, 9, 3, 31, 1
23, 51, 10, 10, 49, 6
31, 51, 10, 0, 15, 0
23, 51, 11, 3, 41, 0
31, 51, 11, 0, 0, 0
23, 51, 12, 3, 41, 0
30, 51, 12, 0, 23, 0
24, 51, 13, 0, 28, 0
25, 51, 13, 0, 6, 0
28, 51, 13, 0, 6, 0
29, 51, 13, 0, 28, 0
26, 51, 14, 0, 0, 0
27, 51, 14, 0, 0, 0
25, 52, 5, 11, 51, 8
26, 52, 5, 11, 54, 10
27, 52, 5, 13, 54, 10
28, 52, 5, 13, 54, 10
24, 52, 6, 6, 46, 5
29, 52, 6, 13, 56, 11
23, 52, 7, 10, 49, 6
30, 52, 7, 0, 31, 0
23, 52, 8, 11, 53, 8
30, 52, 8, 6, 44, 3
31, 52, 8, 3, 31, 1
23, 52, 9, 11, 53, 8
30, 52, 9, 6, 44, 3
31, 52, 9, 39, 61, 38
23, 52, 10, 11, 53, 8
31, 52, 10, 39, 61, 38
23, 52, 11, 11, 54, 10
30, 52, 11, 0, 36, 0
24, 52, 12, 13, 54, 10
29, 52, 12, 0, 36, 0
24, 52, 13, 10, 51, 8
25, 52, 13, 10, 51, 8
28, 52, 13, 11, 53, 10
29, 52, 13, 11, 53, 10
26, 52, 14, 0, 0, 0
27, 52, 14, 0, 10, 0
25, 53, 6, 15, 56, 11
26, 53, 6, 15, 56, 11
27, 53, 6, 15, 58, 13
28, 53, 6, 15, 58, 13
24, 53, 7, 15, 56, 11
25, 53, 7, 0, 11, 0
29, 53, 7, 13, 56, 11
24, 53, 8, 15, 56, 11
29, 53, 8, 15, 58, 13
24, 53, 9, 15, 58, 13
29, 53, 9, 6, 44, 3
24, 53, 10, 11, 54, 10
30, 53, 10, 0, 13, 0
24, 53, 11, 13, 54, 11
29, 53, 11, 15, 58, 13
24, 53, 12, 13, 54, 10
25, 53, 12, 15, 58, 13
29, 53, 12, 15, 58, 13
25, 53, 13, 10, 51, 8
26, 53, 13, 15, 56, 11
27, 53, 13, 15, 58, 13
28, 53, 13, 11, 53, 10
26, 54, 7, 15, 58, 13
27, 54, 7, 15, 58, 13
28, 54, 7, 15, 58, 13
25, 54, 8, 15, 58, 13
26, 54, 8, 15, 58, 13
27, 54, 8, 15, 58, 13
28, 54, 8, 15, 58, 13
24, 54, 9, 15, 58, 13
25, 54, 9, 15, 58, 13
26, 54, 9, 15, 58, 13
27, 54, 9, 15, 58, 13
28, 54, 9, 15, 58, 13
29, 54, 9, 15, 56, 13
24, 54, 10, 15, 58, 13
25, 54, 10, 15, 58, 13
26, 54, 10, 15, 58, 13
27, 54, 10, 15, 58, 13
28, 54, 10, 15, 58, 13
29, 54, 10, 13, 54, 10
25, 54, 11, 15, 58, 13
26, 54, 11, 15, 58, 13
27, 54, 11, 15, 58, 13
28, 54, 11, 15, 58, 13
29, 54, 11, 15, 58, 13
26, 54, 12, 15, 58, 13
27, 54, 12, 15, 58, 13
28, 54, 12, 15, 58, 13
27, 54, 13, 15, 58, 13