19, 0, 7, 11, 15, 19
26, 0, 7, 1, 5, 8
19, 0, 8, 0, 1, 5
20, 0, 8, 11, 15, 19
26, 0, 8, 0, 0, 0
27, 0, 8, 21, 24, 29
18, 0, 9, 21, 26, 29
19, 0, 9, 0, 1, 5
20, 0, 9, 8, 11, 15
26, 0, 9, 0, 0, 0
27, 0, 9, 21, 24, 29
18, 0, 10, 31, 34, 39
19, 0, 10, 0, 0, 0
20, 0, 10, 8, 11, 16
21, 0, 10, 29, 34, 39
25, 0, 10, 6, 10, 13
26, 0, 10, 6, 10, 13
27, 0, 10, 28, 31, 36
18, 0, 11, 31, 34, 39
19, 0, 11, 0, 0, 0
20, 0, 11, 8, 11, 16
21, 0, 11, 8, 13, 16
25, 0, 11, 6, 10, 13
26, 0, 11, 0, 0, 0
27, 0, 11, 18, 21, 26
18, 0, 12, 28, 31, 36
19, 0, 12, 0, 0, 0
20, 0, 12, 6, 11, 15
21, 0, 12, 6, 11, 15
25, 0, 12, 1, 6, 10
26, 0, 12, 0, 3, 8
27, 0, 12, 18, 21, 26
28, 0, 12, 31, 34, 39
18, 0, 13, 28, 31, 36
19, 0, 13, 0, 0, 1
20, 0, 13, 5, 8, 13
21, 0, 13, 19, 23, 28
25, 0, 13, 1, 6, 10
26, 0, 13, 0, 3, 8
27, 0, 13, 19, 24, 29
28, 0, 13, 31, 36, 41
18, 0, 14, 23, 26, 31
19, 0, 14, 0, 0, 1
20, 0, 14, 11, 15, 19
21, 0, 14, 21, 24, 29
25, 0, 14, 21, 18, 15
26, 0, 14, 1, 5, 10
27, 0, 14, 19, 24, 29
28, 0, 14, 29, 34, 39
18, 0, 15, 23, 26, 31
19, 0, 15, 0, 0, 1
20, 0, 15, 0, 0, 0
21, 0, 15, 0, 1, 5
25, 0, 15, 1, 5, 8
26, 0, 15, 0, 0, 1
27, 0, 15, 3, 8, 11
28, 0, 15, 10, 13, 18
18, 0, 16, 36, 38, 38
19, 0, 16, 0, 0, 0
20, 0, 16, 0, 0, 0
21, 0, 16, 16, 19, 24
25, 0, 16, 10, 15, 18
26, 0, 16, 0, 0, 0
27, 0, 16, 24, 29, 34
28, 0, 16, 24, 29, 34
18, 0, 17, 36, 38, 38
19, 0, 17, 0, 0, 0
20, 0, 17, 19, 23, 28
21, 0, 17, 16, 19, 24
25, 0, 17, 29, 34, 39
26, 0, 17, 0, 0, 0
27, 0, 17, 24, 29, 34
28, 0, 17, 24, 29, 34
19, 0, 18, 29, 34, 39
20, 0, 18, 19, 23, 28
25, 0, 18, 29, 34, 39
26, 0, 18, 29, 34, 39
27, 0, 18, 26, 31, 34
19, 1, 7, 11, 15, 19
26, 1, 7, 26, 31, 36
19, 1, 8, 33, 36, 41
20, 1, 8, 24, 29, 34
26, 1, 8, 26, 31, 36
27, 1, 8, 26, 31, 36
19, 1, 9, 0, 1, 5
20, 1, 9, 11, 16, 19
26, 1, 9, 8, 13, 16
27, 1, 9, 29, 33, 38
18, 1, 10, 31, 34, 39
20, 1, 10, 11, 16, 19
25, 1, 10, 6, 10, 13
27, 1, 10, 28, 31, 36
18, 1, 11, 33, 36, 41
20, 1, 11, 3, 8, 11
25, 1, 11, 0, 3, 6
28, 1, 11, 31, 36, 41
18, 1, 12, 56, 51, 46
21, 1, 12, 1, 5, 8
25, 1, 12, 3, 3, 3
28, 1, 12, 29, 33, 36
18, 1, 13, 56, 51, 46
21, 1, 13, 1, 5, 8
25, 1, 13, 19, 13, 6
28, 1, 13, 29, 33, 36
18, 1, 14, 61, 53, 46
21, 1, 14, 15, 13, 13
25, 1, 14, 21, 18, 15
28, 1, 14, 86, 68, 54
18, 1, 15, 129, 94, 66
21, 1, 15, 33, 29, 26
25, 1, 15, 101, 69, 41
28, 1, 15, 58, 51, 48
18, 1, 16, 36, 38, 38
21, 1, 16, 33, 29, 26
25, 1, 16, 8, 10, 11
28, 1, 16, 58, 51, 48
18, 1, 17, 36, 38, 38
19, 1, 17, 29, 34, 39
20, 1, 17, 19, 23, 28
21, 1, 17, 16, 19, 24
25, 1, 17, 8, 10, 11
26, 1, 17, 8, 10, 11
27, 1, 17, 26, 31, 34
28, 1, 17, 15, 18, 23
19, 1, 18, 29, 34, 39
20, 1, 18, 19, 23, 28
25, 1, 18, 15, 19, 23
26, 1, 18, 29, 34, 39
27, 1, 18, 26, 31, 34
19, 2, 7, 33, 36, 41
20, 2, 7, 31, 34, 39
26, 2, 7, 26, 31, 36
27, 2, 7, 28, 33, 38
19, 2, 8, 33, 36, 41
20, 2, 8, 24, 29, 34
26, 2, 8, 26, 31, 36
27, 2, 8, 31, 34, 39
18, 2, 9, 31, 34, 39
20, 2, 9, 11, 16, 19
26, 2, 9, 8, 13, 16
27, 2, 9, 29, 33, 38
18, 2, 10, 31, 36, 41
20, 2, 10, 5, 8, 11
25, 2, 10, 0, 5, 8
27, 2, 10, 29, 33, 38
18, 2, 11, 128, 94, 68
21, 2, 11, 134, 84, 43
25, 2, 11, 88, 56, 28
28, 2, 11, 84, 69, 54
18, 2, 12, 181, 129, 84
21, 2, 12, 29, 21, 13
25, 2, 12, 26, 24, 19
28, 2, 12, 91, 66, 43
18, 2, 13, 129, 106, 83
21, 2, 13, 81, 53, 28
25, 2, 13, 26, 24, 19
28, 2, 13, 101, 76, 53
18, 2, 14, 83, 83, 78
21, 2, 14, 101, 68, 39
25, 2, 14, 89, 59, 33
28, 2, 14, 64, 74, 78
18, 2, 15, 146, 108, 73
21, 2, 15, 137, 99, 64
25, 2, 15, 79, 53, 28
28, 2, 15, 49, 71, 83
18, 2, 16, 146, 108, 73
19, 2, 16, 74, 53, 33
20, 2, 16, 98, 66, 36
21, 2, 16, 137, 99, 64
25, 2, 16, 129, 86, 48
26, 2, 16, 24, 21, 18
27, 2, 16, 24, 21, 18
28, 2, 16, 49, 71, 83
19, 3, 7, 31, 34, 39
20, 3, 7, 26, 31, 36
26, 3, 7, 28, 31, 36
27, 3, 7, 29, 33, 38
19, 3, 8, 0, 1, 5
20, 3, 8, 26, 31, 36
26, 3, 8, 6, 10, 15
27, 3, 8, 28, 31, 36
18, 3, 9, 0, 1, 5
20, 3, 9, 3, 6, 10
25, 3, 9, 1, 6, 10
27, 3, 9, 31, 36, 41
18, 3, 10, 31, 34, 39
20, 3, 10, 0, 0, 0
25, 3, 10, 1, 6, 10
28, 3, 10, 94, 74, 58
18, 3, 11, 172, 124, 83
21, 3, 11, 0, 0, 0
25, 3, 11, 83, 51, 23
28, 3, 11, 94, 74, 58
18, 3, 12, 181, 129, 84
21, 3, 12, 171, 108, 51
25, 3, 12, 26, 24, 19
28, 3, 12, 221, 157, 101
19, 3, 13, 8, 21, 29
20, 3, 13, 0, 21, 39
26, 3, 13, 0, 0, 1
27, 3, 13, 0, 8, 13
19, 3, 14, 13, 48, 69
20, 3, 14, 0, 21, 39
26, 3, 14, 0, 34, 58
27, 3, 14, 10, 48, 74
19, 3, 15, 13, 48, 69
20, 3, 15, 41, 58, 66
26, 3, 15, 6, 44, 69
27, 3, 15, 13, 54, 81
19, 4, 7, 31, 34, 39
20, 4, 7, 26, 31, 36
26, 4, 7, 28, 31, 36
27, 4, 7, 29, 33, 38
18, 4, 8, 16, 19, 23
20, 4, 8, 26, 31, 36
26, 4, 8, 6, 10, 15
27, 4, 8, 29, 33, 38
18, 4, 9, 31, 36, 41
20, 4, 9, 3, 6, 10
25, 4, 9, 1, 6, 10
27, 4, 9, 31, 36, 41
18, 4, 10, 31, 36, 41
21, 4, 10, 0, 0, 1
25, 4, 10, 1, 6, 10
28, 4, 10, 43, 43, 43
18, 4, 11, 166, 119, 79
21, 4, 11, 29, 21, 13
25, 4, 11, 88, 56, 29
28, 4, 11, 128, 98, 69
18, 4, 12, 0, 0, 0
21, 4, 12, 51, 49, 44
25, 4, 12, 88, 56, 29
28, 4, 12, 103, 89, 74
19, 4, 13, 24, 8, 0
20, 4, 13, 13, 0, 0
26, 4, 13, 6, 0, 0
27, 4, 13, 0, 1, 0
19, 4, 14, 1, 6, 6
20, 4, 14, 13, 0, 0
26, 4, 14, 0, 0, 6
27, 4, 14, 0, 1, 0
19, 5, 7, 31, 34, 39
20, 5, 7, 28, 31, 36
26, 5, 7, 26, 31, 36
27, 5, 7, 29, 33, 38
18, 5, 8, 0, 0, 0
20, 5, 8, 0, 0, 0
25, 5, 8, 0, 0, 0
27, 5, 8, 0, 1, 5
18, 5, 9, 0, 3, 6
20, 5, 9, 0, 0, 0
25, 5, 9, 0, 3, 6
28, 5, 9, 33, 38, 43
18, 5, 10, 0, 3, 6
21, 5, 10, 0, 0, 0
25, 5, 10, 0, 0, 0
28, 5, 10, 33, 36, 41
18, 5, 11, 166, 119, 79
21, 5, 11, 29, 21, 13
25, 5, 11, 66, 44, 24
28, 5, 11, 128, 98, 69
18, 5, 12, 0, 0, 0
21, 5, 12, 29, 21, 13
25, 5, 12, 66, 44, 24
28, 5, 12, 128, 98, 69
19, 5, 13, 0, 0, 0
20, 5, 13, 26, 10, 0
26, 5, 13, 81, 48, 18
27, 5, 13, 26, 11, 0
19, 5, 14, 0, 11, 28
20, 5, 14, 29, 0, 0
26, 5, 14, 0, 3, 19
27, 5, 14, 0, 1, 0
19, 6, 7, 29, 34, 39
20, 6, 7, 28, 31, 36
26, 6, 7, 26, 31, 36
27, 6, 7, 29, 34, 39
18, 6, 8, 1, 5, 8
20, 6, 8, 0, 0, 0
25, 6, 8, 0, 0, 0
27, 6, 8, 0, 0, 1
18, 6, 9, 0, 0, 0
21, 6, 9, 0, 0, 0
25, 6, 9, 0, 0, 0
28, 6, 9, 31, 36, 41
18, 6, 10, 0, 0, 0
21, 6, 10, 0, 0, 0
25, 6, 10, 0, 0, 0
28, 6, 10, 0, 0, 1
18, 6, 11, 94, 63, 34
21, 6, 11, 0, 0, 0
25, 6, 11, 36, 16, 0
28, 6, 11, 157, 118, 81
18, 6, 12, 21, 6, 0
20, 6, 12, 26, 10, 0
25, 6, 12, 69, 49, 29
28, 6, 12, 157, 118, 81
19, 6, 13, 3, 0, 0
20, 6, 13, 44, 41, 33
26, 6, 13, 76, 63, 48
27, 6, 13, 29, 51, 61
19, 6, 14, 3, 39, 64
26, 6, 14, 76, 63, 48
19, 7, 7, 29, 34, 39
20, 7, 7, 28, 33, 38
26, 7, 7, 28, 33, 38
27, 7, 7, 31, 36, 41
18, 7, 8, 1, 5, 8
21, 7, 8, 0, 0, 0
25, 7, 8, 0, 0, 0
28, 7, 8, 0, 0, 3
18, 7, 9, 0, 0, 0
21, 7, 9, 0, 0, 0
25, 7, 9, 0, 0, 0
28, 7, 9, 31, 36, 41
18, 7, 10, 0, 0, 0
21, 7, 10, 0, 0, 0
25, 7, 10, 0, 0, 0
28, 7, 10, 0, 0, 1
18, 7, 11, 31, 19, 10
21, 7, 11, 0, 0, 0
25, 7, 11, 36, 16, 0
28, 7, 11, 16, 6, 0
18, 7, 12, 21, 6, 0
20, 7, 12, 8, 0, 0
25, 7, 12, 69, 49, 29
28, 7, 12, 23, 68, 94
19, 7, 13, 8, 48, 73
20, 7, 13, 44, 41, 33
26, 7, 13, 29, 51, 61
27, 7, 13, 29, 51, 61
18, 8, 7, 0, 0, 0
19, 8, 7, 33, 36, 41
20, 8, 7, 29, 34, 39
25, 8, 7, 0, 0, 0
26, 8, 7, 29, 34, 39
27, 8, 7, 29, 34, 39
18, 8, 8, 0, 0, 0
21, 8, 8, 0, 0, 0
25, 8, 8, 0, 0, 0
28, 8, 8, 0, 0, 3
18, 8, 9, 0, 0, 0
21, 8, 9, 0, 0, 0
25, 8, 9, 0, 0, 0
28, 8, 9, 0, 0, 3
18, 8, 10, 0, 0, 0
21, 8, 10, 0, 0, 0
25, 8, 10, 0, 0, 0
28, 8, 10, 0, 0, 0
18, 8, 11, 0, 0, 0
21, 8, 11, 0, 0, 0
25, 8, 11, 0, 0, 0
28, 8, 11, 41, 19, 3
18, 8, 12, 0, 26, 48
21, 8, 12, 0, 28, 51
25, 8, 12, 0, 0, 10
28, 8, 12, 24, 68, 96
18, 8, 13, 0, 26, 48
20, 8, 13, 0, 3, 19
26, 8, 13, 0, 0, 10
27, 8, 13, 0, 10, 28
19, 8, 14, 11, 49, 76
20, 8, 14, 11, 51, 78
26, 8, 14, 18, 61, 89
27, 8, 14, 24, 69, 98
19, 9, 6, 28, 33, 38
20, 9, 6, 28, 33, 38
26, 9, 6, 31, 34, 39
27, 9, 6, 31, 34, 39
18, 9, 7, 0, 0, 0
21, 9, 7, 0, 0, 0
25, 9, 7, 0, 0, 0
28, 9, 7, 28, 33, 38
18, 9, 8, 0, 0, 0
21, 9, 8, 0, 0, 0
25, 9, 8, 0, 0, 0
28, 9, 8, 0, 0, 0
18, 9, 9, 0, 0, 0
21, 9, 9, 0, 0, 0
25, 9, 9, 0, 0, 0
28, 9, 9, 0, 0, 0
18, 9, 10, 0, 0, 0
21, 9, 10, 0, 0, 0
25, 9, 10, 0, 0, 0
28, 9, 10, 13, 11, 8
17, 9, 11, 129, 79, 36
21, 9, 11, 0, 10, 23
24, 9, 11, 64, 28, 0
28, 9, 11, 23, 53, 73
18, 9, 12, 19, 51, 69
21, 9, 12, 0, 10, 23
25, 9, 12, 10, 36, 54
28, 9, 12, 23, 53, 73
18, 9, 13, 23, 68, 96
21, 9, 13, 6, 15, 18
25, 9, 13, 10, 49, 74
28, 9, 13, 39, 54, 63
19, 9, 14, 10, 46, 73
20, 9, 14, 64, 51, 36
26, 9, 14, 16, 58, 86
27, 9, 14, 76, 64, 51
19, 9, 15, 118, 79, 46
26, 9, 15, 104, 73, 44
19, 10, 6, 19, 23, 28
20, 10, 6, 18, 23, 26
26, 10, 6, 21, 26, 29
27, 10, 6, 24, 29, 34
18, 10, 7, 0, 0, 0
21, 10, 7, 0, 0, 0
25, 10, 7, 0, 0, 0
28, 10, 7, 15, 19, 23
18, 10, 8, 0, 0, 0
21, 10, 8, 0, 0, 0
25, 10, 8, 0, 0, 0
28, 10, 8, 58, 54, 46
18, 10, 9, 0, 0, 0
21, 10, 9, 0, 0, 0
25, 10, 9, 0, 0, 0
28, 10, 9, 56, 51, 44
17, 10, 10, 11, 6, 0
21, 10, 10, 0, 0, 0
25, 10, 10, 0, 0, 0
28, 10, 10, 13, 11, 8
17, 10, 11, 19, 51, 69
21, 10, 11, 0, 10, 23
24, 10, 11, 10, 36, 54
28, 10, 11, 23, 53, 73
17, 10, 12, 19, 51, 69
21, 10, 12, 0, 10, 23
24, 10, 12, 10, 36, 54
28, 10, 12, 23, 53, 73
18, 10, 13, 58, 33, 10
21, 10, 13, 6, 15, 18
25, 10, 13, 26, 6, 0
28, 10, 13, 39, 54, 63
19, 10, 14, 91, 53, 19
20, 10, 14, 64, 51, 36
26, 10, 14, 86, 49, 16
27, 10, 14, 76, 64, 51
19, 10, 15, 118, 79, 46
20, 10, 15, 177, 118, 66
26, 10, 15, 104, 73, 44
27, 10, 15, 116, 74, 36
18, 11, 7, 169, 156, 134
19, 11, 7, 152, 139, 119
20, 11, 7, 152, 139, 119
21, 11, 7, 116, 106, 88
25, 11, 7, 161, 147, 126
26, 11, 7, 171, 157, 134
27, 11, 7, 144, 132, 113
28, 11, 7, 206, 192, 167
18, 11, 8, 154, 141, 121
21, 11, 8, 116, 106, 88
25, 11, 8, 161, 147, 126
28, 11, 8, 206, 191, 166
18, 11, 9, 147, 134, 116
21, 11, 9, 109, 98, 81
25, 11, 9, 88, 79, 63
28, 11, 9, 216, 201, 176
18, 11, 10, 194, 181, 156
21, 11, 10, 63, 54, 41
25, 11, 10, 39, 33, 21
28, 11, 10, 214, 199, 172
17, 11, 11, 221, 206, 181
21, 11, 11, 81, 73, 58
25, 11, 11, 64, 56, 43
28, 11, 11, 214, 199, 172
18, 11, 12, 161, 149, 128
21, 11, 12, 81, 73, 58
25, 11, 12, 64, 56, 43
28, 11, 12, 181, 167, 144
18, 11, 13, 161, 149, 128
20, 11, 13, 109, 99, 83
26, 11, 13, 94, 84, 69
27, 11, 13, 124, 114, 96
19, 11, 14, 114, 104, 88
26, 11, 14, 96, 86, 71
27, 11, 14, 96, 86, 71
18, 12, 7, 221, 206, 179
19, 12, 7, 221, 206, 179
20, 12, 7, 214, 197, 172
21, 12, 7, 154, 142, 121
25, 12, 7, 174, 161, 137
26, 12, 7, 219, 204, 177
27, 12, 7, 194, 179, 156
28, 12, 7, 206, 192, 167
18, 12, 8, 234, 217, 191
21, 12, 8, 106, 96, 79
25, 12, 8, 106, 96, 79
28, 12, 8, 236, 219, 192
18, 12, 9, 234, 217, 191
21, 12, 9, 86, 76, 61
25, 12, 9, 71, 63, 49
28, 12, 9, 234, 217, 191
17, 12, 10, 221, 206, 181
21, 12, 10, 61, 53, 39
25, 12, 10, 43, 36, 24
28, 12, 10, 214, 199, 172
17, 12, 11, 84, 78, 66
21, 12, 11, 61, 53, 39
25, 12, 11, 44, 36, 24
28, 12, 11, 61, 58, 49
17, 12, 12, 0, 0, 0
21, 12, 12, 61, 53, 39
25, 12, 12, 26, 19, 10
29, 12, 12, 61, 58, 49
18, 12, 13, 0, 0, 0
21, 12, 13, 0, 0, 1
25, 12, 13, 0, 0, 15
28, 12, 13, 0, 11, 21
18, 12, 14, 0, 0, 5
20, 12, 14, 1, 33, 53
21, 12, 14, 0, 0, 1
25, 12, 14, 0, 0, 15
28, 12, 14, 23, 58, 83
19, 12, 15, 1, 33, 53
26, 12, 15, 1, 34, 56
27, 12, 15, 1, 34, 56
18, 13, 7, 106, 101, 91
19, 13, 7, 71, 66, 59
20, 13, 7, 15, 16, 18
21, 13, 7, 15, 16, 18
25, 13, 7, 1, 0, 0
26, 13, 7, 3, 3, 0
27, 13, 7, 19, 16, 13
28, 13, 7, 16, 16, 15
18, 13, 8, 124, 119, 108
21, 13, 8, 0, 0, 0
25, 13, 8, 31, 28, 21
28, 13, 8, 16, 16, 15
18, 13, 9, 54, 54, 53
21, 13, 9, 0, 0, 0
25, 13, 9, 0, 0, 0
28, 13, 9, 63, 63, 58
17, 13, 10, 56, 56, 54
21, 13, 10, 0, 0, 0
24, 13, 10, 0, 0, 0
28, 13, 10, 49, 48, 43
17, 13, 11, 23, 24, 24
21, 13, 11, 0, 0, 0
24, 13, 11, 0, 0, 0
29, 13, 11, 11, 15, 19
17, 13, 12, 24, 56, 76
21, 13, 12, 0, 0, 0
25, 13, 12, 0, 0, 0
29, 13, 12, 23, 44, 59
17, 13, 13, 24, 56, 76
21, 13, 13, 15, 54, 79
24, 13, 13, 0, 0, 0
28, 13, 13, 13, 41, 61
18, 13, 14, 21, 64, 91
21, 13, 14, 15, 54, 79
25, 13, 14, 1, 34, 56
28, 13, 14, 18, 58, 84
19, 13, 15, 21, 64, 91
20, 13, 15, 21, 66, 94
26, 13, 15, 1, 34, 56
27, 13, 15, 1, 34, 56
18, 14, 7, 24, 26, 26
19, 14, 7, 48, 46, 41
20, 14, 7, 15, 16, 18
21, 14, 7, 3, 6, 11
25, 14, 7, 8, 11, 16
26, 14, 7, 3, 3, 0
27, 14, 7, 21, 24, 28
28, 14, 7, 21, 24, 28
18, 14, 8, 24, 26, 26
21, 14, 8, 3, 1, 0
25, 14, 8, 10, 8, 5
28, 14, 8, 21, 24, 28
18, 14, 9, 54, 54, 53
21, 14, 9, 0, 0, 0
24, 14, 9, 0, 0, 0
28, 14, 9, 46, 46, 46
17, 14, 10, 56, 56, 54
21, 14, 10, 0, 0, 0
24, 14, 10, 0, 0, 0
28, 14, 10, 29, 29, 28
17, 14, 11, 23, 24, 24
21, 14, 11, 0, 0, 0
24, 14, 11, 0, 0, 0
29, 14, 11, 11, 15, 19
17, 14, 12, 28, 54, 76
21, 14, 12, 0, 0, 0
24, 14, 12, 0, 0, 0
29, 14, 12, 11, 41, 61
17, 14, 13, 28, 54, 76
21, 14, 13, 0, 0, 0
24, 14, 13, 0, 0, 0
28, 14, 13, 11, 41, 61
18, 14, 14, 0, 8, 26
21, 14, 14, 11, 49, 74
25, 14, 14, 0, 13, 28
28, 14, 14, 10, 48, 73
18, 14, 15, 28, 73, 103
20, 14, 15, 21, 66, 94
26, 14, 15, 10, 49, 74
27, 14, 15, 10, 49, 74
19, 14, 16, 19, 63, 89
27, 14, 16, 23, 68, 98
18, 15, 7, 15, 15, 11
19, 15, 7, 34, 33, 28
20, 15, 7, 1, 5, 8
21, 15, 7, 1, 5, 8
25, 15, 7, 5, 8, 13
26, 15, 7, 46, 46, 44
27, 15, 7, 38, 36, 33
18, 15, 8, 43, 43, 39
21, 15, 8, 13, 11, 6
25, 15, 8, 21, 18, 11
28, 15, 8, 56, 54, 49
18, 15, 9, 43, 43, 39
21, 15, 9, 0, 0, 0
25, 15, 9, 0, 0, 0
28, 15, 9, 28, 28, 23
17, 15, 10, 11, 15, 18
21, 15, 10, 0, 0, 0
24, 15, 10, 0, 0, 0
28, 15, 10, 29, 29, 28
17, 15, 11, 19, 21, 24
21, 15, 11, 0, 0, 0
24, 15, 11, 0, 0, 0
29, 15, 11, 19, 23, 28
17, 15, 12, 24, 44, 59
21, 15, 12, 0, 0, 0
24, 15, 12, 0, 0, 0
29, 15, 12, 26, 56, 78
17, 15, 13, 0, 31, 53
21, 15, 13, 0, 0, 0
24, 15, 13, 0, 0, 0
29, 15, 13, 26, 56, 78
18, 15, 14, 28, 73, 103
21, 15, 14, 11, 49, 74
24, 15, 14, 0, 0, 0
25, 15, 14, 0, 29, 49
28, 15, 14, 28, 71, 103
18, 15, 15, 26, 71, 101
20, 15, 15, 16, 58, 84
26, 15, 15, 21, 66, 94
27, 15, 15, 28, 71, 103
19, 15, 16, 26, 71, 101
27, 15, 16, 23, 68, 98
18, 16, 7, 29, 33, 36
19, 16, 7, 29, 33, 36
20, 16, 7, 41, 39, 36
21, 16, 7, 6, 10, 13
25, 16, 7, 5, 10, 13
26, 16, 7, 46, 46, 44
27, 16, 7, 38, 41, 43
18, 16, 8, 29, 33, 36
21, 16, 8, 21, 18, 13
25, 16, 8, 61, 56, 46
28, 16, 8, 38, 41, 43
18, 16, 9, 43, 43, 39
21, 16, 9, 0, 0, 0
24, 16, 9, 0, 0, 0
28, 16, 9, 56, 54, 49
17, 16, 10, 31, 33, 34
21, 16, 10, 0, 0, 0
24, 16, 10, 0, 0, 0
28, 16, 10, 31, 33, 31
17, 16, 11, 33, 34, 34
21, 16, 11, 0, 0, 0
24, 16, 11, 0, 0, 0
29, 16, 11, 19, 23, 26
17, 16, 12, 21, 38, 51
21, 16, 12, 0, 0, 0
24, 16, 12, 0, 0, 0
29, 16, 12, 24, 44, 59
17, 16, 13, 1, 33, 54
21, 16, 13, 0, 0, 0
24, 16, 13, 0, 0, 0
29, 16, 13, 29, 74, 104
18, 16, 14, 28, 71, 103
21, 16, 14, 0, 29, 51
24, 16, 14, 0, 0, 0
28, 16, 14, 29, 74, 106
18, 16, 15, 24, 68, 98
20, 16, 15, 16, 58, 84
25, 16, 15, 11, 46, 71
28, 16, 15, 29, 74, 106
19, 16, 16, 24, 69, 99
26, 16, 16, 21, 66, 94
27, 16, 16, 21, 66, 94
18, 17, 7, 88, 79, 64
19, 17, 7, 172, 159, 137
20, 17, 7, 172, 159, 137
21, 17, 7, 182, 169, 146
25, 17, 7, 226, 211, 184
26, 17, 7, 136, 124, 104
27, 17, 7, 201, 187, 164
18, 17, 8, 199, 186, 161
21, 17, 8, 142, 131, 111
25, 17, 8, 152, 139, 119
28, 17, 8, 232, 217, 191
18, 17, 9, 199, 186, 161
21, 17, 9, 34, 28, 16
25, 17, 9, 36, 29, 18
28, 17, 9, 232, 217, 191
18, 17, 10, 196, 182, 157
21, 17, 10, 34, 28, 16
24, 17, 10, 16, 10, 0
28, 17, 10, 216, 201, 174
17, 17, 11, 33, 34, 34
21, 17, 11, 8, 1, 0
24, 17, 11, 16, 10, 0
29, 17, 11, 19, 23, 26
17, 17, 12, 0, 1, 10
21, 17, 12, 0, 0, 0
24, 17, 12, 0, 0, 0
29, 17, 12, 19, 31, 41
17, 17, 13, 16, 51, 76
21, 17, 13, 0, 0, 0
24, 17, 13, 0, 0, 0
29, 17, 13, 24, 64, 91
18, 17, 14, 26, 71, 101
21, 17, 14, 0, 0, 8
24, 17, 14, 0, 0, 0
28, 17, 14, 18, 58, 86
18, 17, 15, 26, 71, 101
20, 17, 15, 21, 66, 94
25, 17, 15, 0, 13, 28
28, 17, 15, 28, 73, 104
19, 17, 16, 24, 69, 99
26, 17, 16, 21, 66, 94
27, 17, 16, 21, 66, 94
18, 18, 7, 236, 219, 192
19, 18, 7, 236, 219, 192
20, 18, 7, 236, 219, 192
21, 18, 7, 234, 217, 191
25, 18, 7, 236, 219, 192
26, 18, 7, 219, 204, 177
27, 18, 7, 201, 187, 164
18, 18, 8, 236, 219, 192
21, 18, 8, 123, 111, 94
25, 18, 8, 139, 128, 108
28, 18, 8, 232, 217, 191
18, 18, 9, 199, 186, 161
21, 18, 9, 59, 51, 38
25, 18, 9, 36, 29, 18
28, 18, 9, 239, 224, 196
17, 18, 10, 224, 211, 182
21, 18, 10, 6, 1, 0
24, 18, 10, 13, 6, 0
28, 18, 10, 237, 222, 194
17, 18, 11, 196, 182, 157
21, 18, 11, 18, 11, 1
24, 18, 11, 16, 10, 0
28, 18, 11, 209, 194, 169
17, 18, 12, 10, 13, 15
21, 18, 12, 0, 0, 0
24, 18, 12, 51, 43, 31
29, 18, 12, 26, 28, 26
17, 18, 13, 24, 66, 93
21, 18, 13, 13, 10, 3
25, 18, 13, 19, 16, 8
29, 18, 13, 24, 68, 96
18, 18, 14, 24, 66, 93
21, 18, 14, 0, 13, 24
25, 18, 14, 13, 46, 69
28, 18, 14, 24, 68, 96
18, 18, 15, 26, 71, 101
20, 18, 15, 15, 46, 68
26, 18, 15, 13, 46, 69
27, 18, 15, 0, 23, 38
19, 18, 16, 24, 64, 89
27, 18, 16, 0, 23, 38
18, 19, 7, 236, 221, 192
19, 19, 7, 236, 221, 192
20, 19, 7, 229, 212, 186
21, 19, 7, 142, 131, 111
25, 19, 7, 167, 154, 132
26, 19, 7, 232, 217, 189
27, 19, 7, 232, 217, 189
18, 19, 8, 236, 219, 191
21, 19, 8, 142, 131, 111
25, 19, 8, 167, 154, 132
28, 19, 8, 242, 226, 197
18, 19, 9, 239, 222, 196
21, 19, 9, 49, 43, 29
25, 19, 9, 28, 21, 11
28, 19, 9, 242, 226, 197
17, 19, 10, 232, 217, 189
21, 19, 10, 19, 13, 3
24, 19, 10, 15, 8, 0
28, 19, 10, 232, 217, 189
17, 19, 11, 232, 217, 189
21, 19, 11, 18, 11, 1
24, 19, 11, 19, 13, 3
29, 19, 11, 197, 184, 159
17, 19, 12, 10, 13, 15
21, 19, 12, 48, 39, 28
24, 19, 12, 44, 36, 24
28, 19, 12, 6, 5, 1
17, 19, 13, 24, 66, 93
21, 19, 13, 29, 24, 18
25, 19, 13, 38, 33, 24
28, 19, 13, 24, 68, 96
18, 19, 14, 0, 0, 1
21, 19, 14, 15, 46, 68
25, 19, 14, 13, 46, 69
28, 19, 14, 0, 15, 26
18, 19, 15, 0, 0, 0
20, 19, 15, 15, 46, 68
26, 19, 15, 0, 23, 38
27, 19, 15, 0, 23, 38
19, 19, 16, 0, 0, 0
27, 19, 16, 0, 23, 38
18, 20, 7, 240, 224, 197
19, 20, 7, 237, 222, 194
20, 20, 7, 231, 216, 189
21, 20, 7, 111, 101, 84
25, 20, 7, 123, 113, 94
26, 20, 7, 232, 217, 189
27, 20, 7, 229, 214, 187
18, 20, 8, 240, 224, 197
21, 20, 8, 111, 101, 84
25, 20, 8, 123, 113, 94
28, 20, 8, 244, 227, 199
18, 20, 9, 242, 226, 197
21, 20, 9, 44, 38, 24
24, 20, 9, 13, 6, 0
28, 20, 9, 242, 226, 197
17, 20, 10, 237, 222, 194
21, 20, 10, 19, 13, 3
24, 20, 10, 13, 6, 0
28, 20, 10, 242, 226, 197
17, 20, 11, 237, 222, 194
21, 20, 11, 34, 26, 16
24, 20, 11, 44, 36, 24
29, 20, 11, 226, 211, 184
17, 20, 12, 229, 212, 186
21, 20, 12, 34, 26, 16
24, 20, 12, 44, 36, 24
28, 20, 12, 227, 211, 184
18, 20, 13, 227, 211, 184
21, 20, 13, 174, 161, 139
25, 20, 13, 186, 172, 149
28, 20, 13, 227, 211, 184
19, 20, 14, 222, 206, 179
20, 20, 14, 211, 196, 169
26, 20, 14, 212, 197, 172
27, 20, 14, 221, 206, 179
19, 20, 15, 221, 206, 179
27, 20, 15, 221, 206, 179
18, 21, 7, 239, 224, 196
19, 21, 7, 239, 224, 196
20, 21, 7, 237, 221, 192
21, 21, 7, 111, 101, 84
25, 21, 7, 123, 113, 94
26, 21, 7, 236, 219, 192
27, 21, 7, 226, 209, 184
28, 21, 7, 226, 209, 184
18, 21, 8, 240, 224, 197
21, 21, 8, 111, 101, 84
25, 21, 8, 123, 113, 94
28, 21, 8, 239, 222, 196
18, 21, 9, 240, 224, 197
21, 21, 9, 44, 38, 24
24, 21, 9, 15, 8, 0
28, 21, 9, 239, 222, 196
17, 21, 10, 237, 222, 194
21, 21, 10, 44, 38, 24
24, 21, 10, 15, 8, 0
28, 21, 10, 240, 226, 197
17, 21, 11, 237, 222, 194
21, 21, 11, 23, 16, 6
24, 21, 11, 18, 11, 1
29, 21, 11, 221, 204, 179
17, 21, 12, 229, 212, 186
21, 21, 12, 43, 36, 23
24, 21, 12, 48, 39, 28
28, 21, 12, 227, 211, 184
18, 21, 13, 227, 211, 184
21, 21, 13, 207, 192, 167
25, 21, 13, 211, 196, 169
28, 21, 13, 224, 209, 182
19, 21, 14, 219, 204, 177
20, 21, 14, 207, 192, 167
26, 21, 14, 211, 196, 169
27, 21, 14, 226, 209, 182
19, 21, 15, 219, 204, 177
26, 21, 15, 221, 204, 177
27, 21, 15, 221, 204, 177
18, 22, 7, 231, 216, 187
19, 22, 7, 239, 224, 196
20, 22, 7, 227, 211, 184
21, 22, 7, 58, 49, 38
25, 22, 7, 159, 146, 124
26, 22, 7, 236, 219, 192
27, 22, 7, 226, 209, 184
28, 22, 7, 226, 209, 184
18, 22, 8, 240, 224, 197
21, 22, 8, 73, 64, 51
25, 22, 8, 69, 59, 46
28, 22, 8, 239, 222, 196
18, 22, 9, 240, 224, 197
21, 22, 9, 29, 23, 11
24, 22, 9, 10, 3, 0
28, 22, 9, 240, 224, 197
17, 22, 10, 236, 221, 192
21, 22, 10, 10, 3, 0
24, 22, 10, 5, 0, 0
28, 22, 10, 240, 226, 197
17, 22, 11, 236, 221, 192
21, 22, 11, 6, 0, 0
24, 22, 11, 19, 13, 3
29, 22, 11, 186, 172, 149
17, 22, 12, 221, 206, 179
21, 22, 12, 39, 33, 19
24, 22, 12, 39, 33, 21
29, 22, 12, 106, 96, 79
18, 22, 13, 221, 204, 177
21, 22, 13, 207, 192, 167
25, 22, 13, 186, 172, 149
28, 22, 13, 224, 209, 182
19, 22, 14, 217, 201, 176
20, 22, 14, 207, 192, 167
25, 22, 14, 211, 196, 169
27, 22, 14, 216, 201, 174
19, 22, 15, 217, 201, 176
26, 22, 15, 214, 199, 172
27, 22, 15, 214, 199, 172
18, 23, 6, 237, 221, 192
19, 23, 6, 237, 221, 192
27, 23, 6, 216, 201, 176
18, 23, 7, 237, 221, 192
20, 23, 7, 227, 211, 184
21, 23, 7, 58, 49, 38
25, 23, 7, 159, 146, 124
26, 23, 7, 236, 219, 192
28, 23, 7, 216, 201, 176
18, 23, 8, 240, 224, 196
21, 23, 8, 58, 49, 38
25, 23, 8, 159, 146, 124
28, 23, 8, 239, 222, 194
18, 23, 9, 242, 226, 197
21, 23, 9, 29, 23, 11
24, 23, 9, 5, 0, 0
28, 23, 9, 242, 226, 197
17, 23, 10, 229, 214, 187
21, 23, 10, 3, 0, 0
24, 23, 10, 5, 0, 0
28, 23, 10, 240, 224, 196
17, 23, 11, 229, 214, 187
21, 23, 11, 6, 0, 0
24, 23, 11, 19, 13, 3
29, 23, 11, 113, 103, 86
17, 23, 12, 172, 159, 137
21, 23, 12, 39, 33, 19
24, 23, 12, 39, 33, 21
29, 23, 12, 113, 103, 86
18, 23, 13, 176, 164, 141
21, 23, 13, 152, 139, 119
25, 23, 13, 186, 172, 149
28, 23, 13, 194, 181, 156
19, 23, 14, 184, 171, 147
20, 23, 14, 201, 186, 161
25, 23, 14, 199, 184, 159
27, 23, 14, 216, 201, 174
18, 23, 15, 3, 39, 64
19, 23, 15, 181, 167, 144
26, 23, 15, 177, 164, 141
27, 23, 15, 177, 164, 141
28, 23, 15, 0, 11, 29
18, 24, 6, 234, 219, 191
19, 24, 6, 234, 219, 191
20, 24, 6, 231, 214, 187
26, 24, 6, 234, 217, 191
27, 24, 6, 234, 217, 191
18, 24, 7, 239, 222, 196
21, 24, 7, 157, 146, 124
25, 24, 7, 187, 172, 149
28, 24, 7, 214, 199, 172
18, 24, 8, 239, 222, 194
21, 24, 8, 66, 58, 44
24, 24, 8, 34, 28, 16
28, 24, 8, 239, 222, 194
18, 24, 9, 236, 221, 192
21, 24, 9, 26, 19, 10
24, 24, 9, 3, 0, 0
28, 24, 9, 234, 217, 189
17, 24, 10, 229, 214, 187
21, 24, 10, 13, 8, 0
24, 24, 10, 6, 1, 0
28, 24, 10, 236, 219, 192
17, 24, 11, 229, 214, 187
21, 24, 11, 13, 8, 0
24, 24, 11, 6, 1, 0
29, 24, 11, 113, 103, 86
15, 24, 12, 0, 15, 34
16, 24, 12, 0, 0, 0
21, 24, 12, 73, 63, 49
24, 24, 12, 23, 16, 6
30, 24, 12, 0, 0, 0
31, 24, 12, 0, 26, 46
15, 24, 13, 3, 39, 63
16, 24, 13, 0, 36, 59
17, 24, 13, 0, 5, 23
21, 24, 13, 73, 63, 49
25, 24, 13, 103, 93, 76
29, 24, 13, 0, 0, 0
30, 24, 13, 0, 10, 28
31, 24, 13, 0, 26, 46
16, 24, 14, 0, 36, 59
17, 24, 14, 0, 5, 23
18, 24, 14, 0, 0, 6
21, 24, 14, 161, 147, 126
25, 24, 14, 132, 121, 101
28, 24, 14, 0, 0, 8
29, 24, 14, 0, 26, 48
30, 24, 14, 0, 26, 48
17, 24, 15, 3, 39, 64
20, 24, 15, 0, 0, 0
21, 24, 15, 0, 15, 34
25, 24, 15, 0, 0, 6
28, 24, 15, 0, 28, 49
29, 24, 15, 0, 0, 8
18, 24, 16, 1, 36, 59
19, 24, 16, 1, 36, 59
20, 24, 16, 0, 0, 15
21, 24, 16, 0, 0, 15
25, 24, 16, 0, 1, 18
26, 24, 16, 0, 1, 18
27, 24, 16, 3, 39, 63
19, 25, 6, 217, 202, 176
20, 25, 6, 217, 202, 176
21, 25, 6, 186, 172, 147
22, 25, 6, 139, 126, 106
24, 25, 6, 139, 128, 109
25, 25, 6, 202, 187, 164
26, 25, 6, 197, 182, 159
27, 25, 6, 197, 182, 159
18, 25, 7, 236, 219, 192
22, 25, 7, 139, 126, 106
23, 25, 7, 34, 28, 16
24, 25, 7, 139, 128, 109
28, 25, 7, 237, 221, 192
18, 25, 8, 236, 219, 192
22, 25, 8, 16, 11, 1
23, 25, 8, 34, 28, 16
28, 25, 8, 234, 217, 191
18, 25, 9, 234, 217, 191
22, 25, 9, 0, 0, 0
23, 25, 9, 19, 13, 3
28, 25, 9, 234, 217, 189
17, 25, 10, 227, 212, 186
22, 25, 10, 0, 0, 0
23, 25, 10, 0, 0, 0
28, 25, 10, 234, 217, 189
17, 25, 11, 192, 177, 154
22, 25, 11, 0, 0, 0
23, 25, 11, 0, 0, 0
29, 25, 11, 167, 154, 132
15, 25, 12, 0, 23, 44
16, 25, 12, 0, 0, 0
22, 25, 12, 23, 16, 6
23, 25, 12, 6, 1, 0
30, 25, 12, 0, 0, 0
31, 25, 12, 0, 3, 19
15, 25, 13, 0, 16, 34
22, 25, 13, 48, 41, 28
23, 25, 13, 46, 39, 28
24, 25, 13, 58, 49, 38
31, 25, 13, 0, 0, 5
16, 25, 14, 23, 68, 96
22, 25, 14, 36, 46, 48
23, 25, 14, 36, 46, 48
24, 25, 14, 23, 28, 24
30, 25, 14, 15, 54, 81
17, 25, 15, 24, 69, 98
18, 25, 15, 0, 24, 46
21, 25, 15, 0, 19, 39
23, 25, 15, 8, 46, 73
25, 25, 15, 0, 0, 6
28, 25, 15, 6, 44, 69
29, 25, 15, 23, 66, 94
19, 25, 16, 24, 69, 98
20, 25, 16, 0, 5, 19
21, 25, 16, 0, 19, 39
25, 25, 16, 0, 0, 6
26, 25, 16, 0, 28, 51
27, 25, 16, 0, 28, 51
21, 26, 4, 13, 53, 79
22, 26, 4, 8, 44, 71
23, 26, 4, 0, 34, 58
24, 26, 4, 0, 29, 53
25, 26, 4, 10, 48, 73
20, 26, 5, 0, 36, 61
21, 26, 5, 0, 18, 39
22, 26, 5, 0, 5, 23
23, 26, 5, 0, 0, 13
24, 26, 5, 0, 3, 21
25, 26, 5, 0, 18, 38
26, 26, 5, 3, 41, 64
19, 26, 6, 217, 202, 176
23, 26, 6, 132, 121, 103
27, 26, 6, 197, 182, 159
18, 26, 7, 234, 217, 191
27, 26, 7, 226, 211, 184
18, 26, 8, 232, 216, 189
28, 26, 8, 232, 216, 189
18, 26, 9, 232, 216, 189
28, 26, 9, 234, 217, 191
17, 26, 10, 226, 211, 184
28, 26, 10, 231, 216, 187
17, 26, 11, 202, 187, 162
29, 26, 11, 123, 113, 94
15, 26, 12, 0, 23, 44
16, 26, 12, 0, 0, 0
30, 26, 12, 0, 0, 8
31, 26, 12, 8, 48, 73
15, 26, 13, 0, 16, 34
30, 26, 13, 8, 48, 73
16, 26, 14, 24, 69, 98
29, 26, 14, 24, 69, 98
17, 26, 15, 23, 68, 96
18, 26, 15, 24, 69, 98
22, 26, 15, 0, 21, 36
23, 26, 15, 8, 46, 73
24, 26, 15, 0, 15, 34
27, 26, 15, 0, 34, 58
28, 26, 15, 19, 63, 91
19, 26, 16, 24, 69, 98
20, 26, 16, 24, 69, 98
21, 26, 16, 0, 29, 51
24, 26, 16, 0, 16, 38
25, 26, 16, 0, 11, 29
26, 26, 16, 0, 28, 51
21, 27, 4, 26, 71, 99
22, 27, 4, 26, 71, 101
23, 27, 4, 28, 73, 103
24, 27, 4, 24, 69, 98
25, 27, 4, 23, 66, 94
19, 27, 5, 0, 1, 16
20, 27, 5, 0, 0, 0
26, 27, 5, 0, 13, 33
27, 27, 5, 0, 13, 33
19, 27, 6, 0, 0, 0
27, 27, 6, 34, 43, 44
18, 27, 7, 234, 217, 191
27, 27, 7, 226, 211, 184
18, 27, 8, 232, 216, 189
28, 27, 8, 231, 214, 187
18, 27, 9, 232, 216, 189
28, 27, 9, 232, 216, 189
18, 27, 10, 216, 199, 174
28, 27, 10, 229, 214, 187
17, 27, 11, 118, 108, 89
29, 27, 11, 116, 106, 88
15, 27, 12, 6, 44, 69
16, 27, 12, 0, 3, 21
30, 27, 12, 0, 16, 36
31, 27, 12, 11, 51, 78
16, 27, 13, 23, 66, 94
30, 27, 13, 21, 64, 93
17, 27, 14, 23, 66, 94
29, 27, 14, 23, 68, 96
18, 27, 15, 24, 69, 99
19, 27, 15, 0, 0, 0
27, 27, 15, 19, 63, 91
28, 27, 15, 19, 63, 91
20, 27, 16, 0, 0, 11
21, 27, 16, 0, 29, 51
22, 27, 16, 0, 34, 58
23, 27, 16, 19, 63, 91
24, 27, 16, 0, 11, 29
25, 27, 16, 0, 11, 29
26, 27, 16, 26, 71, 101
22, 28, 4, 26, 71, 101
23, 28, 4, 28, 73, 103
24, 28, 4, 15, 54, 81
19, 28, 5, 0, 21, 41
20, 28, 5, 0, 0, 0
21, 28, 5, 0, 0, 0
25, 28, 5, 15, 54, 81
26, 28, 5, 0, 11, 28
27, 28, 5, 1, 36, 61
19, 28, 6, 28, 44, 51
27, 28, 6, 41, 56, 63
19, 28, 7, 232, 216, 189
27, 28, 7, 221, 206, 179
18, 28, 8, 232, 216, 189
27, 28, 8, 227, 211, 184
18, 28, 9, 227, 212, 186
28, 28, 9, 229, 212, 186
18, 28, 10, 211, 196, 171
28, 28, 10, 186, 171, 147
17, 28, 11, 211, 196, 171
29, 28, 11, 141, 129, 109
15, 28, 12, 6, 44, 69
16, 28, 12, 0, 8, 26
30, 28, 12, 0, 16, 36
16, 28, 13, 15, 58, 84
30, 28, 13, 21, 64, 93
17, 28, 14, 23, 66, 94
29, 28, 14, 23, 68, 96
18, 28, 15, 24, 69, 98
19, 28, 15, 0, 31, 53
27, 28, 15, 3, 39, 63
28, 28, 15, 24, 69, 99
20, 28, 16, 0, 13, 33
21, 28, 16, 0, 13, 33
22, 28, 16, 0, 31, 54
23, 28, 16, 5, 41, 66
24, 28, 16, 0, 33, 54
25, 28, 16, 10, 48, 73
26, 28, 16, 10, 48, 73
22, 29, 4, 23, 66, 94
23, 29, 4, 23, 66, 94
24, 29, 4, 0, 36, 59
19, 29, 5, 10, 48, 74
20, 29, 5, 23, 66, 94
21, 29, 5, 0, 0, 0
25, 29, 5, 15, 54, 81
26, 29, 5, 21, 64, 91
27, 29, 5, 8, 46, 73
19, 29, 6, 15, 31, 41
27, 29, 6, 39, 56, 66
19, 29, 7, 214, 197, 172
27, 29, 7, 196, 179, 154
18, 29, 8, 226, 209, 182
28, 29, 8, 219, 204, 177
17, 29, 9, 206, 191, 166
28, 29, 9, 221, 206, 179
17, 29, 10, 217, 202, 176
29, 29, 10, 212, 197, 171
16, 29, 11, 166, 154, 131
29, 29, 11, 181, 167, 144
16, 29, 12, 0, 8, 18
30, 29, 12, 0, 31, 54
16, 29, 13, 0, 8, 18
29, 29, 13, 23, 66, 94
30, 29, 13, 21, 64, 93
17, 29, 14, 21, 64, 93
28, 29, 14, 23, 66, 94
18, 29, 15, 18, 61, 88
19, 29, 15, 18, 61, 88
20, 29, 15, 0, 0, 0
23, 29, 15, 0, 0, 0
26, 29, 15, 0, 26, 46
27, 29, 15, 26, 71, 101
28, 29, 15, 24, 69, 99
21, 29, 16, 0, 0, 13
22, 29, 16, 0, 1, 15
24, 29, 16, 0, 0, 0
25, 29, 16, 31, 31, 28
22, 30, 4, 181, 114, 56
23, 30, 4, 13, 6, 0
24, 30, 4, 167, 106, 51
19, 30, 5, 0, 33, 56
20, 30, 5, 0, 0, 0
21, 30, 5, 58, 29, 5
25, 30, 5, 36, 18, 1
26, 30, 5, 0, 0, 3
27, 30, 5, 13, 54, 81
19, 30, 6, 13, 31, 39
27, 30, 6, 28, 44, 53
18, 30, 7, 207, 192, 166
27, 30, 7, 176, 157, 131
18, 30, 8, 204, 189, 164
28, 30, 8, 211, 196, 169
18, 30, 9, 206, 191, 166
28, 30, 9, 211, 196, 169
17, 30, 10, 147, 136, 116
29, 30, 10, 204, 189, 164
17, 30, 11, 147, 136, 116
29, 30, 11, 197, 182, 157
16, 30, 12, 0, 8, 18
30, 30, 12, 5, 43, 68
17, 30, 13, 18, 61, 89
29, 30, 13, 0, 26, 46
17, 30, 14, 21, 64, 93
28, 30, 14, 21, 66, 94
18, 30, 15, 18, 61, 88
19, 30, 15, 0, 0, 8
20, 30, 15, 0, 0, 8
26, 30, 15, 0, 0, 0
27, 30, 15, 15, 16, 15
21, 30, 16, 41, 24, 8
22, 30, 16, 0, 0, 0
23, 30, 16, 101, 54, 15
24, 30, 16, 34, 19, 3
25, 30, 16, 31, 31, 28
22, 31, 4, 226, 149, 81
23, 31, 4, 216, 141, 76
24, 31, 4, 245, 164, 93
19, 31, 5, 207, 134, 69
20, 31, 5, 1, 0, 0
21, 31, 5, 58, 29, 5
25, 31, 5, 36, 18, 1
26, 31, 5, 93, 56, 23
27, 31, 5, 151, 91, 39
18, 31, 6, 234, 156, 86
27, 31, 6, 93, 56, 23
18, 31, 7, 234, 156, 86
27, 31, 7, 227, 151, 83
18, 31, 8, 177, 164, 142
27, 31, 8, 181, 144, 106
18, 31, 9, 171, 157, 136
28, 31, 9, 169, 147, 123
17, 31, 10, 124, 114, 96
28, 31, 10, 184, 164, 137
17, 31, 11, 104, 94, 78
29, 31, 11, 177, 161, 136
16, 31, 12, 0, 0, 0
30, 31, 12, 0, 0, 0
17, 31, 13, 0, 0, 0
29, 31, 13, 0, 26, 46
18, 31, 14, 41, 29, 16
28, 31, 14, 0, 0, 0
18, 31, 15, 184, 118, 58
19, 31, 15, 109, 73, 39
26, 31, 15, 118, 71, 29
27, 31, 15, 15, 16, 15
20, 31, 16, 162, 101, 48
21, 31, 16, 174, 114, 61
22, 31, 16, 89, 56, 24
23, 31, 16, 209, 136, 73
24, 31, 16, 13, 13, 10
25, 31, 16, 13, 13, 10
19, 32, 5, 221, 144, 78
20, 32, 5, 177, 111, 53
21, 32, 5, 108, 66, 26
22, 32, 5, 0, 15, 23
23, 32, 5, 0, 29, 51
24, 32, 5, 0, 0, 0
25, 32, 5, 104, 64, 26
26, 32, 5, 174, 109, 51
27, 32, 5, 234, 154, 84
18, 32, 6, 171, 108, 51
28, 32, 6, 192, 123, 63
18, 32, 7, 171, 108, 51
28, 32, 7, 227, 151, 83
17, 32, 8, 146, 88, 38
28, 32, 8, 236, 156, 86
17, 32, 9, 146, 88, 38
29, 32, 9, 255, 174, 98
17, 32, 10, 166, 103, 48
29, 32, 10, 207, 134, 71
16, 32, 11, 161, 99, 44
30, 32, 11, 182, 116, 58
16, 32, 12, 142, 88, 39
30, 32, 12, 182, 116, 58
17, 32, 13, 103, 58, 19
29, 32, 13, 194, 126, 64
18, 32, 14, 61, 49, 33
28, 32, 14, 128, 83, 43
18, 32, 15, 61, 49, 33
19, 32, 15, 61, 49, 33
27, 32, 15, 96, 66, 38
20, 32, 16, 10, 46, 73
21, 32, 16, 74, 64, 53
22, 32, 16, 74, 64, 53
23, 32, 16, 255, 204, 123
24, 32, 16, 13, 13, 10
25, 32, 16, 13, 13, 10
26, 32, 16, 19, 61, 89
19, 33, 4, 64, 64, 64
20, 33, 4, 64, 64, 64
21, 33, 4, 98, 98, 98
22, 33, 4, 33, 34, 36
23, 33, 4, 91, 91, 91
24, 33, 4, 66, 66, 66
25, 33, 4, 63, 63, 63
26, 33, 4, 79, 79, 79
27, 33, 4, 38, 43, 44
19, 33, 5, 39, 39, 39
27, 33, 5, 71, 71, 71
19, 33, 6, 76, 53, 29
27, 33, 6, 88, 51, 18
18, 33, 7, 31, 26, 19
28, 33, 7, 157, 96, 43
18, 33, 8, 94, 63, 33
28, 33, 8, 15, 33, 43
17, 33, 9, 197, 128, 66
29, 33, 9, 216, 141, 74
17, 33, 10, 76, 49, 23
29, 33, 10, 79, 44, 13
16, 33, 11, 6, 41, 66
29, 33, 11, 6, 29, 46
16, 33, 12, 43, 46, 43
30, 33, 12, 28, 39, 44
17, 33, 13, 59, 54, 46
29, 33, 13, 26, 46, 59
18, 33, 14, 0, 19, 33
28, 33, 14, 18, 44, 61
19, 33, 15, 49, 38, 23
27, 33, 15, 11, 26, 34
20, 33, 16, 10, 46, 73
21, 33, 16, 10, 46, 73
22, 33, 16, 89, 68, 44
23, 33, 16, 255, 206, 123
24, 33, 16, 54, 44, 33
25, 33, 16, 23, 66, 96
26, 33, 16, 19, 61, 89
18, 34, 3, 0, 6, 24
19, 34, 3, 0, 6, 24
20, 34, 3, 0, 5, 21
21, 34, 3, 0, 0, 0
25, 34, 3, 0, 0, 0
26, 34, 3, 0, 6, 24
27, 34, 3, 0, 0, 15
18, 34, 4, 0, 1, 18
22, 34, 4, 16, 19, 21
23, 34, 4, 71, 71, 73
24, 34, 4, 34, 36, 38
27, 34, 4, 38, 43, 44
18, 34, 5, 0, 0, 10
27, 34, 5, 38, 43, 44
18, 34, 6, 0, 0, 5
27, 34, 6, 0, 0, 0
18, 34, 7, 0, 0, 0
27, 34, 7, 0, 0, 0
18, 34, 8, 0, 0, 0
28, 34, 8, 0, 0, 0
17, 34, 9, 93, 48, 10
29, 34, 9, 123, 71, 26
17, 34, 10, 76, 49, 23
29, 34, 10, 51, 29, 8
16, 34, 11, 6, 41, 66
29, 34, 11, 6, 29, 46
16, 34, 12, 6, 41, 66
30, 34, 12, 8, 46, 73
17, 34, 13, 0, 34, 58
29, 34, 13, 26, 46, 59
18, 34, 14, 8, 36, 54
28, 34, 14, 18, 44, 61
19, 34, 15, 128, 74, 28
27, 34, 15, 139, 83, 33
20, 34, 16, 26, 71, 101
21, 34, 16, 26, 71, 101
22, 34, 16, 78, 61, 43
23, 34, 16, 255, 207, 124
24, 34, 16, 68, 56, 44
25, 34, 16, 23, 66, 96
26, 34, 16, 24, 69, 98
18, 35, 3, 0, 6, 23
19, 35, 3, 0, 6, 23
20, 35, 3, 0, 8, 24
21, 35, 3, 0, 0, 0
25, 35, 3, 0, 0, 0
26, 35, 3, 0, 6, 23
27, 35, 3, 0, 0, 16
18, 35, 4, 0, 1, 19
22, 35, 4, 10, 11, 13
23, 35, 4, 71, 71, 73
24, 35, 4, 8, 10, 11
27, 35, 4, 0, 0, 0
18, 35, 5, 0, 0, 16
27, 35, 5, 0, 0, 0
18, 35, 6, 0, 0, 15
27, 35, 6, 0, 0, 0
18, 35, 7, 0, 0, 0
27, 35, 7, 0, 0, 0
17, 35, 8, 174, 111, 53
28, 35, 8, 5, 5, 1
17, 35, 9, 48, 15, 0
29, 35, 9, 106, 59, 16
17, 35, 10, 84, 48, 13
29, 35, 10, 51, 29, 8
16, 35, 11, 108, 66, 28
30, 35, 11, 189, 121, 61
16, 35, 12, 10, 5, 0
30, 35, 12, 111, 73, 36
17, 35, 13, 0, 0, 0
29, 35, 13, 0, 0, 0
18, 35, 14, 0, 0, 0
28, 35, 14, 51, 33, 16
19, 35, 15, 128, 74, 28
27, 35, 15, 187, 119, 59
20, 35, 16, 26, 71, 101
21, 35, 16, 24, 69, 99
22, 35, 16, 99, 76, 54
23, 35, 16, 255, 201, 119
24, 35, 16, 86, 66, 44
25, 35, 16, 28, 73, 104
26, 35, 16, 28, 73, 104
21, 36, 1, 101, 101, 101
22, 36, 1, 38, 38, 38
23, 36, 1, 38, 38, 38
24, 36, 1, 71, 71, 71
21, 36, 2, 101, 101, 101
22, 36, 2, 0, 0, 0
23, 36, 2, 71, 71, 71
24, 36, 2, 71, 71, 71
18, 36, 3, 0, 3, 19
19, 36, 3, 0, 6, 24
20, 36, 3, 0, 3, 21
22, 36, 3, 0, 0, 0
23, 36, 3, 0, 0, 0
24, 36, 3, 0, 0, 0
25, 36, 3, 0, 0, 0
26, 36, 3, 0, 6, 23
27, 36, 3, 0, 5, 21
18, 36, 4, 0, 3, 19
27, 36, 4, 0, 0, 0
18, 36, 5, 0, 0, 16
27, 36, 5, 0, 0, 0
18, 36, 6, 0, 0, 13
27, 36, 6, 0, 0, 0
18, 36, 7, 21, 11, 1
28, 36, 7, 0, 0, 0
17, 36, 8, 211, 137, 71
28, 36, 8, 26, 3, 0
17, 36, 9, 43, 31, 19
29, 36, 9, 0, 0, 0
17, 36, 10, 6, 10, 8
29, 36, 10, 0, 0, 0
16, 36, 11, 0, 29, 49
29, 36, 11, 1, 3, 1
16, 36, 12, 0, 0, 0
30, 36, 12, 123, 68, 23
17, 36, 13, 0, 0, 0
29, 36, 13, 8, 19, 24
18, 36, 14, 13, 10, 5
28, 36, 14, 15, 51, 76
19, 36, 15, 194, 124, 63
27, 36, 15, 206, 134, 69
20, 36, 16, 26, 73, 101
21, 36, 16, 26, 71, 101
22, 36, 16, 99, 76, 54
23, 36, 16, 255, 206, 123
24, 36, 16, 96, 79, 61
25, 36, 16, 24, 69, 99
26, 36, 16, 6, 43, 66
20, 37, 1, 101, 101, 101
21, 37, 1, 11, 11, 11
22, 37, 1, 11, 11, 11
23, 37, 1, 129, 129, 129
24, 37, 1, 18, 18, 18
25, 37, 1, 18, 18, 18
26, 37, 1, 74, 74, 74
20, 37, 2, 101, 101, 101
25, 37, 2, 0, 0, 0
26, 37, 2, 74, 74, 74
18, 37, 3, 0, 0, 5
19, 37, 3, 0, 0, 0
27, 37, 3, 0, 3, 19
18, 37, 4, 0, 0, 0
27, 37, 4, 0, 0, 0
18, 37, 5, 0, 0, 10
27, 37, 5, 0, 0, 0
18, 37, 6, 0, 0, 10
27, 37, 6, 0, 0, 0
17, 37, 7, 23, 1, 0
28, 37, 7, 0, 0, 0
17, 37, 8, 118, 88, 58
29, 37, 8, 0, 24, 48
17, 37, 9, 5, 36, 56
29, 37, 9, 0, 24, 48
17, 37, 10, 0, 29, 49
29, 37, 10, 0, 33, 56
16, 37, 11, 38, 44, 46
30, 37, 11, 0, 33, 56
16, 37, 12, 38, 44, 46
29, 37, 12, 6, 46, 71
17, 37, 13, 11, 51, 78
29, 37, 13, 11, 51, 78
18, 37, 14, 5, 23, 34
28, 37, 14, 15, 51, 76
19, 37, 15, 204, 131, 68
27, 37, 15, 187, 119, 59
19, 37, 16, 255, 171, 96
20, 37, 16, 0, 26, 44
21, 37, 16, 36, 68, 86
22, 37, 16, 118, 89, 59
23, 37, 16, 255, 206, 123
24, 37, 16, 96, 79, 61
25, 37, 16, 24, 68, 96
26, 37, 16, 31, 41, 46
27, 37, 16, 137, 83, 34
20, 38, 1, 28, 28, 28
21, 38, 1, 63, 63, 63
22, 38, 1, 69, 69, 69
23, 38, 1, 121, 121, 121
24, 38, 1, 89, 89, 89
25, 38, 1, 8, 10, 10
26, 38, 1, 38, 39, 39
20, 38, 2, 28, 28, 28
26, 38, 2, 38, 39, 39
18, 38, 3, 0, 0, 0
19, 38, 3, 0, 0, 0
27, 38, 3, 0, 0, 13
28, 38, 3, 31, 11, 3
29, 38, 3, 31, 11, 3
18, 38, 4, 0, 0, 0
28, 38, 4, 34, 18, 13
29, 38, 4, 34, 18, 13
18, 38, 5, 0, 0, 0
27, 38, 5, 0, 0, 0
18, 38, 6, 0, 0, 6
27, 38, 6, 0, 0, 0
17, 38, 7, 174, 109, 51
28, 38, 7, 0, 0, 0
17, 38, 8, 46, 26, 6
29, 38, 8, 0, 1, 19
16, 38, 9, 216, 141, 73
29, 38, 9, 0, 0, 0
16, 38, 10, 134, 83, 38
30, 38, 10, 166, 101, 46
16, 38, 11, 41, 19, 0
30, 38, 11, 111, 71, 34
16, 38, 12, 38, 44, 46
30, 38, 12, 216, 141, 74
17, 38, 13, 23, 24, 23
29, 38, 13, 54, 41, 28
18, 38, 14, 0, 6, 16
28, 38, 14, 15, 53, 79
19, 38, 15, 181, 114, 56
27, 38, 15, 151, 93, 41
19, 38, 16, 181, 114, 56
20, 38, 16, 36, 68, 86
21, 38, 16, 36, 68, 86
22, 38, 16, 118, 89, 63
23, 38, 16, 255, 184, 106
24, 38, 16, 79, 61, 43
25, 38, 16, 24, 68, 96
26, 38, 16, 31, 41, 46
27, 38, 16, 151, 93, 41
19, 39, 1, 66, 66, 66
20, 39, 1, 0, 0, 0
21, 39, 1, 0, 0, 0
22, 39, 1, 56, 56, 56
23, 39, 1, 34, 34, 34
24, 39, 1, 104, 104, 104
25, 39, 1, 0, 0, 0
26, 39, 1, 0, 0, 0
27, 39, 1, 29, 29, 29
19, 39, 2, 94, 94, 94
27, 39, 2, 0, 0, 0
28, 39, 2, 0, 0, 0
29, 39, 2, 0, 0, 0
17, 39, 3, 11, 15, 19
18, 39, 3, 0, 0, 0
29, 39, 3, 84, 76, 74
17, 39, 4, 8, 13, 16
29, 39, 4, 10, 8, 6
17, 39, 5, 8, 13, 16
28, 39, 5, 0, 0, 0
29, 39, 5, 0, 0, 0
18, 39, 6, 0, 0, 0
28, 39, 6, 96, 51, 10
17, 39, 7, 174, 109, 51
29, 39, 7, 176, 111, 53
16, 39, 8, 26, 0, 0
29, 39, 8, 0, 0, 0
16, 39, 9, 49, 15, 0
30, 39, 9, 104, 54, 13
16, 39, 10, 8, 0, 0
30, 39, 10, 43, 10, 0
16, 39, 11, 63, 23, 0
30, 39, 11, 71, 31, 0
16, 39, 12, 109, 59, 16
30, 39, 12, 104, 54, 13
16, 39, 13, 229, 151, 81
30, 39, 13, 157, 96, 41
17, 39, 14, 63, 43, 23
18, 39, 14, 0, 6, 16
28, 39, 14, 61, 61, 56
29, 39, 14, 221, 144, 78
19, 39, 15, 162, 99, 46
27, 39, 15, 172, 109, 53
19, 39, 16, 181, 114, 56
20, 39, 16, 76, 74, 68
21, 39, 16, 0, 10, 23
22, 39, 16, 0, 10, 23
23, 39, 16, 255, 211, 128
24, 39, 16, 68, 58, 44
25, 39, 16, 19, 61, 89
26, 39, 16, 18, 33, 43
27, 39, 16, 151, 93, 41
19, 40, 1, 88, 88, 88
20, 40, 1, 93, 93, 93
21, 40, 1, 132, 132, 132
22, 40, 1, 56, 56, 56
23, 40, 1, 19, 19, 19
24, 40, 1, 73, 73, 74
25, 40, 1, 89, 89, 89
26, 40, 1, 93, 93, 93
27, 40, 1, 73, 73, 73
19, 40, 2, 66, 66, 66
28, 40, 2, 26, 8, 1
29, 40, 2, 26, 8, 1
17, 40, 3, 11, 15, 19
18, 40, 3, 0, 0, 0
29, 40, 3, 0, 0, 0
17, 40, 4, 16, 21, 24
29, 40, 4, 61, 61, 61
17, 40, 5, 8, 13, 16
29, 40, 5, 0, 0, 0
17, 40, 6, 44, 15, 0
29, 40, 6, 202, 129, 66
16, 40, 7, 28, 21, 11
29, 40, 7, 176, 111, 53
16, 40, 8, 53, 44, 33
30, 40, 8, 61, 53, 39
16, 40, 9, 0, 0, 0
30, 40, 9, 0, 0, 0
47, 40, 9, 15, 18, 21
48, 40, 9, 6, 10, 15
16, 40, 10, 0, 0, 0
30, 40, 10, 0, 0, 0
47, 40, 10, 0, 0, 3
48, 40, 10, 6, 10, 15
16, 40, 11, 6, 0, 0
30, 40, 11, 16, 0, 0
44, 40, 11, 0, 0, 0
47, 40, 11, 1, 5, 8
48, 40, 11, 15, 18, 21
16, 40, 12, 108, 58, 15
30, 40, 12, 0, 0, 0
44, 40, 12, 8, 13, 16
45, 40, 12, 0, 3, 6
46, 40, 12, 0, 3, 6
47, 40, 12, 8, 13, 16
48, 40, 12, 15, 18, 21
16, 40, 13, 108, 58, 15
29, 40, 13, 104, 54, 13
45, 40, 13, 0, 3, 6
47, 40, 13, 8, 13, 16
48, 40, 13, 8, 13, 16
17, 40, 14, 159, 98, 43
29, 40, 14, 221, 144, 78
18, 40, 15, 171, 106, 49
28, 40, 15, 255, 181, 104
19, 40, 16, 245, 164, 91
20, 40, 16, 0, 10, 28
21, 40, 16, 34, 53, 63
22, 40, 16, 0, 10, 23
23, 40, 16, 89, 46, 8
24, 40, 16, 51, 54, 53
25, 40, 16, 51, 54, 53
26, 40, 16, 18, 33, 43
27, 40, 16, 255, 177, 103
19, 41, 1, 88, 88, 88
20, 41, 1, 19, 19, 21
21, 41, 1, 108, 108, 108
22, 41, 1, 28, 28, 28
23, 41, 1, 23, 23, 23
24, 41, 1, 73, 73, 74
25, 41, 1, 89, 89, 89
26, 41, 1, 38, 38, 38
27, 41, 1, 73, 73, 73
19, 41, 2, 66, 66, 66
28, 41, 2, 0, 0, 0
29, 41, 2, 113, 113, 113
30, 41, 2, 93, 93, 93
18, 41, 3, 0, 0, 1
30, 41, 3, 123, 123, 123
17, 41, 4, 0, 0, 3
30, 41, 4, 123, 123, 123
8, 41, 5, 119, 132, 131
9, 41, 5, 119, 132, 131
10, 41, 5, 174, 161, 137
11, 41, 5, 73, 68, 61
12, 41, 5, 46, 44, 38
13, 41, 5, 124, 114, 96
14, 41, 5, 182, 169, 146
17, 41, 5, 3, 0, 0
30, 41, 5, 31, 31, 31
6, 41, 6, 10, 49, 74
7, 41, 6, 10, 49, 74
8, 41, 6, 13, 53, 79
9, 41, 6, 93, 106, 108
10, 41, 6, 151, 137, 118
11, 41, 6, 73, 68, 61
12, 41, 6, 46, 44, 38
13, 41, 6, 109, 99, 83
14, 41, 6, 109, 99, 83
15, 41, 6, 192, 177, 154
16, 41, 6, 126, 116, 99
30, 41, 6, 176, 162, 139
31, 41, 6, 189, 174, 151
32, 41, 6, 137, 126, 106
33, 41, 6, 114, 104, 86
34, 41, 6, 109, 103, 91
35, 41, 6, 18, 19, 19
36, 41, 6, 96, 91, 79
37, 41, 6, 227, 211, 184
38, 41, 6, 103, 118, 121
39, 41, 6, 103, 118, 121
40, 41, 6, 23, 68, 96
7, 41, 7, 5, 44, 69
8, 41, 7, 13, 53, 79
9, 41, 7, 8, 44, 68
11, 41, 7, 38, 38, 34
12, 41, 7, 0, 1, 3
13, 41, 7, 109, 99, 83
14, 41, 7, 98, 89, 71
15, 41, 7, 66, 58, 44
30, 41, 7, 96, 86, 69
31, 41, 7, 93, 83, 68
32, 41, 7, 101, 91, 74
33, 41, 7, 114, 104, 86
34, 41, 7, 114, 104, 86
35, 41, 7, 18, 19, 19
36, 41, 7, 96, 91, 79
37, 41, 7, 131, 119, 103
38, 41, 7, 98, 101, 96
39, 41, 7, 31, 64, 84
40, 41, 7, 15, 56, 83
41, 41, 7, 15, 56, 84
42, 41, 7, 21, 64, 93
14, 41, 8, 98, 89, 71
15, 41, 8, 98, 89, 71
31, 41, 8, 88, 78, 63
32, 41, 8, 101, 91, 74
33, 41, 8, 101, 91, 74
34, 41, 8, 98, 88, 73
35, 41, 8, 96, 89, 78
36, 41, 8, 18, 21, 24
37, 41, 8, 111, 103, 88
38, 41, 8, 88, 93, 88
39, 41, 8, 3, 39, 63
40, 41, 8, 15, 56, 83
41, 41, 8, 15, 56, 84
42, 41, 8, 6, 44, 68
43, 41, 8, 6, 44, 68
44, 41, 8, 0, 0, 5
45, 41, 8, 11, 16, 19
0, 41, 9, 15, 19, 23
15, 41, 9, 99, 89, 71
31, 41, 9, 69, 61, 48
32, 41, 9, 88, 78, 63
33, 41, 9, 164, 152, 131
34, 41, 9, 104, 96, 79
36, 41, 9, 18, 21, 24
37, 41, 9, 136, 124, 106
38, 41, 9, 58, 69, 71
39, 41, 9, 3, 39, 63
40, 41, 9, 0, 34, 56
41, 41, 9, 0, 36, 59
42, 41, 9, 3, 38, 63
43, 41, 9, 6, 44, 68
44, 41, 9, 0, 0, 0
45, 41, 9, 6, 10, 13
46, 41, 9, 0, 0, 3
47, 41, 9, 0, 0, 3
48, 41, 9, 15, 18, 21
0, 41, 10, 15, 19, 23
16, 41, 10, 93, 83, 68
31, 41, 10, 81, 73, 58
39, 41, 10, 0, 31, 53
40, 41, 10, 0, 31, 53
41, 41, 10, 0, 26, 48
42, 41, 10, 0, 10, 26
43, 41, 10, 0, 10, 26
44, 41, 10, 0, 0, 0
45, 41, 10, 8, 13, 16
46, 41, 10, 6, 11, 15
48, 41, 10, 29, 34, 39
3, 41, 11, 0, 0, 1
16, 41, 11, 91, 81, 66
30, 41, 11, 109, 99, 81
44, 41, 11, 6, 10, 13
45, 41, 11, 0, 0, 3
46, 41, 11, 6, 11, 15
48, 41, 11, 29, 33, 38
17, 41, 12, 63, 29, 1
30, 41, 12, 89, 79, 64
44, 41, 12, 8, 13, 16
45, 41, 12, 0, 1, 5
46, 41, 12, 0, 3, 6
47, 41, 12, 1, 5, 8
48, 41, 12, 19, 23, 28
17, 41, 13, 159, 98, 43
29, 41, 13, 81, 43, 10
47, 41, 13, 5, 8, 11
48, 41, 13, 19, 23, 28
17, 41, 14, 159, 98, 43
29, 41, 14, 81, 43, 10
18, 41, 15, 240, 159, 89
19, 41, 15, 159, 104, 56
27, 41, 15, 249, 166, 93
28, 41, 15, 255, 181, 104
20, 41, 16, 23, 66, 94
21, 41, 16, 34, 53, 63
22, 41, 16, 78, 38, 3
23, 41, 16, 78, 38, 3
24, 41, 16, 51, 54, 53
25, 41, 16, 51, 54, 53
26, 41, 16, 44, 58, 63
20, 42, 1, 19, 19, 21
21, 42, 1, 59, 59, 59
22, 42, 1, 39, 39, 39
23, 42, 1, 131, 131, 131
24, 42, 1, 0, 0, 0
25, 42, 1, 0, 0, 0
26, 42, 1, 38, 38, 38
18, 42, 2, 73, 73, 74
19, 42, 2, 74, 74, 74
27, 42, 2, 11, 11, 11
28, 42, 2, 41, 41, 41
29, 42, 2, 41, 41, 41
30, 42, 2, 113, 113, 113
18, 42, 3, 0, 0, 0
30, 42, 3, 123, 123, 123
12, 42, 4, 39, 46, 49
17, 42, 4, 0, 0, 3
30, 42, 4, 123, 123, 123
7, 42, 5, 18, 59, 88
8, 42, 5, 48, 83, 101
9, 42, 5, 217, 202, 176
10, 42, 5, 217, 201, 176
11, 42, 5, 58, 56, 53
13, 42, 5, 187, 177, 157
14, 42, 5, 206, 191, 166
15, 42, 5, 206, 191, 166
16, 42, 5, 101, 101, 101
30, 42, 5, 31, 31, 31
32, 42, 5, 204, 189, 164
33, 42, 5, 204, 189, 164
34, 42, 5, 128, 121, 108
35, 42, 5, 78, 76, 69
36, 42, 5, 224, 209, 182
37, 42, 5, 227, 211, 184
38, 42, 5, 202, 189, 166
39, 42, 5, 41, 79, 101
40, 42, 5, 26, 71, 101
5, 42, 6, 15, 56, 81
6, 42, 6, 18, 59, 88
31, 42, 6, 189, 174, 151
41, 42, 6, 28, 71, 101
42, 42, 6, 28, 73, 103
4, 42, 7, 0, 0, 0
5, 42, 7, 0, 0, 0
6, 42, 7, 11, 53, 78
10, 42, 7, 149, 137, 118
43, 42, 7, 23, 66, 93
44, 42, 7, 26, 71, 101
0, 42, 8, 11, 15, 18
1, 42, 8, 0, 5, 8
4, 42, 8, 0, 0, 0
5, 42, 8, 8, 46, 73
6, 42, 8, 8, 46, 73
7, 42, 8, 6, 46, 71
8, 42, 8, 8, 44, 68
9, 42, 8, 8, 44, 68
10, 42, 8, 79, 78, 71
11, 42, 8, 79, 78, 71
12, 42, 8, 136, 126, 108
13, 42, 8, 128, 116, 98
45, 42, 8, 6, 10, 13
0, 42, 9, 15, 19, 23
1, 42, 9, 0, 0, 3
4, 42, 9, 0, 0, 0
5, 42, 9, 6, 44, 69
6, 42, 9, 8, 46, 73
7, 42, 9, 15, 56, 83
8, 42, 9, 15, 56, 83
9, 42, 9, 28, 68, 91
13, 42, 9, 174, 161, 137
14, 42, 9, 174, 161, 137
34, 42, 9, 164, 152, 131
35, 42, 9, 96, 89, 78
36, 42, 9, 18, 21, 24
37, 42, 9, 176, 164, 144
38, 42, 9, 147, 139, 123
45, 42, 9, 0, 0, 3
46, 42, 9, 0, 0, 3
47, 42, 9, 10, 13, 16
0, 42, 10, 15, 19, 23
1, 42, 10, 3, 6, 10
3, 42, 10, 0, 0, 0
4, 42, 10, 0, 0, 0
14, 42, 10, 177, 164, 141
15, 42, 10, 119, 109, 91
32, 42, 10, 184, 169, 146
33, 42, 10, 169, 157, 134
39, 42, 10, 21, 64, 93
40, 42, 10, 21, 64, 93
41, 42, 10, 16, 59, 86
42, 42, 10, 0, 10, 26
45, 42, 10, 21, 26, 31
46, 42, 10, 21, 24, 29
47, 42, 10, 21, 24, 29
0, 42, 11, 3, 6, 10
1, 42, 11, 3, 6, 10
2, 42, 11, 0, 0, 0
3, 42, 11, 0, 0, 0
16, 42, 11, 121, 109, 91
31, 42, 11, 94, 84, 68
32, 42, 11, 181, 167, 144
43, 42, 11, 0, 19, 39
44, 42, 11, 6, 10, 13
45, 42, 11, 21, 26, 31
46, 42, 11, 5, 8, 11
47, 42, 11, 5, 8, 11
16, 42, 12, 121, 109, 91
30, 42, 12, 132, 121, 101
45, 42, 12, 0, 3, 6
46, 42, 12, 5, 8, 11
17, 42, 13, 63, 29, 1
29, 42, 13, 137, 126, 106
18, 42, 14, 111, 66, 28
28, 42, 14, 118, 68, 23
18, 42, 15, 217, 141, 76
19, 42, 15, 0, 0, 0
21, 42, 15, 15, 26, 33
25, 42, 15, 0, 5, 11
27, 42, 15, 121, 69, 24
28, 42, 15, 174, 109, 53
20, 42, 16, 24, 68, 98
22, 42, 16, 73, 39, 13
23, 42, 16, 44, 24, 8
24, 42, 16, 162, 114, 71
26, 42, 16, 24, 69, 98
20, 43, 1, 99, 99, 99
21, 43, 1, 21, 21, 23
22, 43, 1, 21, 21, 23
23, 43, 1, 111, 111, 111
24, 43, 1, 0, 0, 0
25, 43, 1, 0, 0, 0
26, 43, 1, 0, 0, 0
18, 43, 2, 89, 89, 89
19, 43, 2, 128, 128, 128
27, 43, 2, 3, 3, 3
28, 43, 2, 11, 11, 13
29, 43, 2, 11, 11, 13
30, 43, 2, 113, 113, 113
18, 43, 3, 18, 21, 21
30, 43, 3, 91, 91, 91
7, 43, 4, 31, 71, 96
8, 43, 4, 31, 71, 96
9, 43, 4, 15, 54, 81
10, 43, 4, 24, 58, 79
11, 43, 4, 24, 58, 79
12, 43, 4, 104, 111, 109
13, 43, 4, 182, 174, 154
17, 43, 4, 109, 109, 109
30, 43, 4, 56, 56, 56
34, 43, 4, 16, 34, 44
35, 43, 4, 33, 53, 64
36, 43, 4, 26, 68, 94
5, 43, 5, 26, 71, 99
6, 43, 5, 23, 68, 96
14, 43, 5, 156, 142, 123
15, 43, 5, 0, 6, 23
16, 43, 5, 16, 44, 64
30, 43, 5, 28, 21, 15
32, 43, 5, 204, 189, 164
33, 43, 5, 206, 191, 166
37, 43, 5, 41, 79, 104
38, 43, 5, 69, 94, 106
39, 43, 5, 69, 94, 106
40, 43, 5, 28, 73, 103
4, 43, 6, 15, 54, 79
31, 43, 6, 48, 41, 29
41, 43, 6, 29, 74, 106
42, 43, 6, 29, 74, 106
2, 43, 7, 15, 19, 23
3, 43, 7, 0, 8, 21
42, 43, 7, 26, 59, 81
43, 43, 7, 26, 59, 81
0, 43, 8, 28, 31, 36
1, 43, 8, 15, 18, 23
2, 43, 8, 15, 18, 23
3, 43, 8, 0, 0, 0
43, 43, 8, 26, 59, 81
44, 43, 8, 8, 44, 68
0, 43, 9, 29, 33, 38
2, 43, 9, 5, 8, 13
3, 43, 9, 3, 8, 11
5, 43, 9, 0, 0, 0
6, 43, 9, 19, 63, 91
7, 43, 9, 28, 68, 94
8, 43, 9, 28, 68, 94
9, 43, 9, 199, 186, 162
10, 43, 9, 83, 81, 76
11, 43, 9, 83, 81, 76
12, 43, 9, 154, 144, 126
36, 43, 9, 54, 59, 58
37, 43, 9, 96, 109, 113
43, 43, 9, 10, 43, 66
44, 43, 9, 10, 43, 66
0, 43, 10, 10, 15, 18
2, 43, 10, 11, 16, 19
4, 43, 10, 0, 0, 0
13, 43, 10, 106, 96, 79
34, 43, 10, 182, 169, 146
35, 43, 10, 197, 182, 159
38, 43, 10, 38, 78, 101
39, 43, 10, 21, 64, 93
40, 43, 10, 19, 63, 91
41, 43, 10, 16, 59, 86
42, 43, 10, 0, 33, 54
43, 43, 10, 19, 61, 88
44, 43, 10, 0, 1, 13
0, 43, 11, 10, 15, 18
1, 43, 11, 10, 15, 18
2, 43, 11, 11, 16, 19
3, 43, 11, 0, 0, 0
13, 43, 11, 106, 96, 79
14, 43, 11, 119, 109, 91
15, 43, 11, 119, 109, 91
33, 43, 11, 166, 152, 131
43, 43, 11, 19, 61, 88
44, 43, 11, 19, 61, 88
16, 43, 12, 86, 76, 61
30, 43, 12, 48, 41, 29
31, 43, 12, 128, 94, 61
32, 43, 12, 0, 10, 18
17, 43, 13, 48, 21, 0
29, 43, 13, 129, 118, 99
31, 43, 13, 128, 94, 61
18, 43, 14, 59, 53, 43
28, 43, 14, 118, 68, 23
19, 43, 15, 0, 0, 0
20, 43, 15, 16, 56, 83
21, 43, 15, 15, 26, 33
25, 43, 15, 0, 5, 11
26, 43, 15, 0, 1, 16
27, 43, 15, 0, 1, 16
22, 43, 16, 39, 41, 43
23, 43, 16, 101, 101, 103
24, 43, 16, 101, 101, 103
22, 44, 1, 63, 63, 63
23, 44, 1, 88, 88, 88
24, 44, 1, 88, 88, 88
18, 44, 2, 84, 84, 84
19, 44, 2, 131, 131, 131
20, 44, 2, 18, 19, 21
21, 44, 2, 0, 0, 0
25, 44, 2, 0, 0, 1
26, 44, 2, 119, 119, 119
27, 44, 2, 106, 106, 106
28, 44, 2, 99, 99, 99
18, 44, 3, 53, 53, 53
29, 44, 3, 0, 0, 0
30, 44, 3, 26, 26, 26
7, 44, 4, 19, 63, 91
8, 44, 4, 26, 69, 101
9, 44, 4, 26, 71, 103
10, 44, 4, 26, 71, 99
11, 44, 4, 24, 58, 79
12, 44, 4, 104, 111, 109
17, 44, 4, 88, 88, 88
29, 44, 4, 0, 0, 0
30, 44, 4, 56, 56, 56
34, 44, 4, 16, 34, 44
5, 44, 5, 26, 71, 101
6, 44, 5, 26, 71, 101
7, 44, 5, 19, 63, 91
13, 44, 5, 28, 38, 39
14, 44, 5, 0, 19, 38
15, 44, 5, 16, 44, 64
16, 44, 5, 16, 44, 64
31, 44, 5, 0, 23, 41
32, 44, 5, 0, 19, 41
33, 44, 5, 0, 16, 36
35, 44, 5, 15, 49, 73
36, 44, 5, 29, 74, 104
37, 44, 5, 28, 73, 103
38, 44, 5, 29, 74, 106
4, 44, 6, 24, 68, 96
5, 44, 6, 26, 71, 101
37, 44, 6, 28, 73, 103
38, 44, 6, 28, 73, 103
39, 44, 6, 28, 73, 103
40, 44, 6, 28, 74, 104
3, 44, 7, 11, 44, 68
38, 44, 7, 23, 64, 94
39, 44, 7, 23, 64, 94
40, 44, 7, 26, 71, 101
41, 44, 7, 29, 74, 106
1, 44, 8, 26, 31, 34
2, 44, 8, 11, 15, 19
36, 44, 8, 0, 33, 54
37, 44, 8, 23, 68, 96
38, 44, 8, 24, 69, 99
39, 44, 8, 26, 71, 101
40, 44, 8, 28, 73, 104
41, 44, 8, 29, 74, 104
42, 44, 8, 29, 74, 104
1, 44, 9, 26, 29, 34
2, 44, 9, 26, 29, 34
7, 44, 9, 11, 51, 76
8, 44, 9, 24, 58, 69
9, 44, 9, 24, 58, 69
10, 44, 9, 46, 59, 66
11, 44, 9, 61, 73, 78
36, 44, 9, 0, 33, 54
37, 44, 9, 96, 109, 113
38, 44, 9, 24, 69, 99
39, 44, 9, 24, 69, 99
40, 44, 9, 19, 63, 91
41, 44, 9, 29, 74, 104
42, 44, 9, 10, 48, 73
1, 44, 10, 28, 31, 36
2, 44, 10, 28, 31, 36
3, 44, 10, 18, 23, 28
4, 44, 10, 0, 6, 21
5, 44, 10, 6, 44, 69
6, 44, 10, 11, 51, 76
12, 44, 10, 137, 126, 108
35, 44, 10, 6, 44, 68
39, 44, 10, 26, 71, 99
1, 44, 11, 26, 31, 36
2, 44, 11, 26, 31, 36
13, 44, 11, 0, 24, 41
34, 44, 11, 6, 44, 68
14, 44, 12, 114, 101, 84
15, 44, 12, 114, 101, 84
32, 44, 12, 0, 10, 18
33, 44, 12, 0, 19, 33
16, 44, 13, 255, 181, 104
17, 44, 13, 48, 21, 0
29, 44, 13, 255, 187, 109
30, 44, 13, 38, 74, 99
31, 44, 13, 255, 186, 109
18, 44, 14, 59, 53, 43
19, 44, 14, 59, 53, 43
20, 44, 14, 26, 36, 38
21, 44, 14, 73, 41, 13
22, 44, 14, 0, 0, 0
23, 44, 14, 68, 44, 19
24, 44, 14, 29, 1, 0
25, 44, 14, 79, 49, 21
26, 44, 14, 33, 48, 53
27, 44, 14, 0, 16, 36
28, 44, 14, 129, 76, 28
22, 44, 15, 189, 123, 61
23, 44, 15, 98, 64, 33
24, 44, 15, 187, 119, 61
18, 45, 2, 24, 23, 19
19, 45, 2, 119, 119, 119
20, 45, 2, 18, 19, 21
21, 45, 2, 0, 0, 0
22, 45, 2, 114, 114, 114
23, 45, 2, 111, 111, 111
24, 45, 2, 111, 111, 111
25, 45, 2, 3, 5, 6
26, 45, 2, 111, 111, 111
27, 45, 2, 99, 99, 99
28, 45, 2, 41, 41, 41
18, 45, 3, 53, 53, 53
28, 45, 3, 48, 38, 29
17, 45, 4, 88, 88, 88
28, 45, 4, 0, 0, 0
8, 45, 5, 26, 71, 101
9, 45, 5, 26, 71, 101
10, 45, 5, 26, 71, 101
11, 45, 5, 10, 48, 69
12, 45, 5, 0, 19, 39
13, 45, 5, 0, 13, 33
14, 45, 5, 6, 41, 64
15, 45, 5, 6, 41, 64
16, 45, 5, 89, 98, 103
29, 45, 5, 11, 49, 76
30, 45, 5, 19, 61, 89
31, 45, 5, 11, 46, 69
32, 45, 5, 6, 38, 59
33, 45, 5, 0, 15, 29
34, 45, 5, 0, 15, 29
6, 45, 6, 6, 48, 69
7, 45, 6, 5, 61, 66
8, 45, 6, 5, 61, 66
9, 45, 6, 19, 61, 89
10, 45, 6, 19, 63, 91
11, 45, 6, 23, 41, 49
34, 45, 6, 0, 0, 0
35, 45, 6, 0, 5, 23
36, 45, 6, 28, 73, 103
4, 45, 7, 6, 39, 58
5, 45, 7, 6, 39, 58
9, 45, 7, 21, 66, 94
10, 45, 7, 19, 63, 91
19, 45, 7, 0, 0, 0
27, 45, 7, 31, 21, 11
34, 45, 7, 51, 54, 54
35, 45, 7, 0, 0, 5
36, 45, 7, 21, 64, 93
37, 45, 7, 28, 73, 103
3, 45, 8, 0, 18, 36
4, 45, 8, 6, 39, 58
5, 45, 8, 6, 39, 58
8, 45, 8, 6, 74, 68
9, 45, 8, 21, 64, 93
10, 45, 8, 15, 56, 83
35, 45, 8, 0, 0, 15
3, 45, 9, 0, 18, 36
4, 45, 9, 0, 18, 36
5, 45, 9, 0, 33, 54
6, 45, 9, 0, 38, 26
7, 45, 9, 0, 39, 26
8, 45, 9, 24, 58, 69
9, 45, 9, 24, 58, 69
10, 45, 9, 15, 56, 83
11, 45, 9, 0, 8, 26
35, 45, 9, 0, 0, 15
6, 45, 10, 0, 0, 10
12, 45, 10, 3, 38, 61
34, 45, 10, 0, 5, 21
13, 45, 11, 16, 54, 81
33, 45, 11, 18, 53, 76
34, 45, 11, 18, 53, 76
14, 45, 12, 28, 71, 101
15, 45, 12, 24, 69, 98
29, 45, 12, 84, 91, 89
30, 45, 12, 38, 74, 99
31, 45, 12, 23, 68, 96
32, 45, 12, 28, 73, 103
16, 45, 13, 255, 181, 104
17, 45, 13, 255, 187, 109
18, 45, 13, 53, 41, 26
19, 45, 13, 0, 31, 54
20, 45, 13, 36, 15, 0
21, 45, 13, 126, 113, 93
22, 45, 13, 0, 0, 0
23, 45, 13, 0, 0, 0
24, 45, 13, 21, 19, 15
25, 45, 13, 119, 81, 44
26, 45, 13, 0, 0, 0
27, 45, 13, 0, 5, 21
28, 45, 13, 114, 64, 19
16, 46, 1, 166, 123, 86
17, 46, 1, 172, 128, 89
18, 46, 1, 164, 123, 84
19, 46, 1, 142, 103, 68
20, 46, 1, 81, 28, 3
21, 46, 1, 86, 33, 6
22, 46, 1, 132, 88, 56
23, 46, 1, 151, 109, 74
24, 46, 1, 5, 0, 0
25, 46, 1, 83, 24, 0
26, 46, 1, 83, 24, 0
27, 46, 1, 149, 108, 73
28, 46, 1, 161, 119, 83
29, 46, 1, 161, 119, 83
30, 46, 1, 162, 119, 83
16, 46, 2, 171, 128, 88
17, 46, 2, 157, 114, 78
29, 46, 2, 162, 119, 83
30, 46, 2, 174, 129, 89
16, 46, 3, 146, 106, 71
17, 46, 3, 88, 56, 29
29, 46, 3, 118, 81, 51
30, 46, 3, 156, 114, 78
16, 46, 4, 96, 63, 36
29, 46, 4, 91, 58, 33
30, 46, 4, 156, 114, 78
13, 46, 5, 0, 15, 34
14, 46, 5, 0, 15, 34
17, 46, 5, 28, 28, 28
31, 46, 5, 15, 54, 81
32, 46, 5, 10, 48, 73
33, 46, 5, 6, 43, 68
12, 46, 6, 5, 43, 66
13, 46, 6, 5, 43, 66
14, 46, 6, 10, 46, 71
15, 46, 6, 15, 54, 81
16, 46, 6, 18, 59, 88
17, 46, 6, 44, 44, 44
18, 46, 6, 44, 44, 44
19, 46, 6, 0, 0, 0
27, 46, 6, 0, 0, 0
30, 46, 6, 13, 53, 78
31, 46, 6, 21, 63, 91
32, 46, 6, 10, 48, 73
33, 46, 6, 0, 28, 49
6, 46, 7, 0, 172, 0
7, 46, 7, 0, 152, 33
8, 46, 7, 0, 152, 33
11, 46, 7, 0, 0, 18
12, 46, 7, 0, 0, 18
13, 46, 7, 5, 43, 66
14, 46, 7, 28, 73, 103
15, 46, 7, 13, 51, 78
16, 46, 7, 13, 51, 78
17, 46, 7, 8, 33, 48
18, 46, 7, 96, 49, 8
20, 46, 7, 0, 0, 0
26, 46, 7, 0, 0, 0
28, 46, 7, 51, 53, 51
30, 46, 7, 18, 59, 88
31, 46, 7, 28, 73, 103
32, 46, 7, 28, 73, 103
33, 46, 7, 8, 46, 73
6, 46, 8, 0, 172, 0
7, 46, 8, 0, 172, 0
11, 46, 8, 0, 0, 18
12, 46, 8, 0, 0, 18
17, 46, 8, 8, 33, 48
18, 46, 8, 59, 53, 44
19, 46, 8, 0, 0, 0
27, 46, 8, 8, 11, 11
28, 46, 8, 56, 44, 31
31, 46, 8, 26, 71, 101
32, 46, 8, 26, 71, 103
33, 46, 8, 8, 46, 73
34, 46, 8, 8, 46, 71
11, 46, 9, 0, 23, 43
17, 46, 9, 1, 13, 18
31, 46, 9, 24, 69, 98
32, 46, 9, 26, 71, 101
33, 46, 9, 23, 66, 94
34, 46, 9, 1, 34, 58
12, 46, 10, 11, 48, 73
17, 46, 10, 1, 13, 18
18, 46, 10, 15, 39, 53
28, 46, 10, 28, 44, 53
31, 46, 10, 15, 54, 81
32, 46, 10, 11, 49, 74
33, 46, 10, 1, 34, 58
34, 46, 10, 1, 34, 58
13, 46, 11, 23, 64, 94
14, 46, 11, 19, 63, 91
16, 46, 11, 19, 63, 91
17, 46, 11, 43, 36, 24
27, 46, 11, 89, 46, 6
28, 46, 11, 89, 51, 16
29, 46, 11, 0, 18, 34
30, 46, 11, 10, 49, 74
31, 46, 11, 21, 64, 93
32, 46, 11, 15, 54, 79
33, 46, 11, 26, 69, 99
15, 46, 12, 24, 69, 98
16, 46, 12, 24, 69, 98
17, 46, 12, 13, 54, 79
18, 46, 12, 128, 73, 26
19, 46, 12, 29, 8, 0
27, 46, 12, 118, 66, 21
28, 46, 12, 118, 66, 21
20, 46, 13, 19, 59, 91
26, 46, 13, 51, 101, 142
20, 46, 14, 19, 54, 84
21, 46, 14, 16, 49, 78
22, 46, 14, 34, 78, 113
23, 46, 14, 23, 63, 94
24, 46, 14, 83, 144, 192
25, 46, 14, 43, 93, 129
22, 46, 15, 89, 152, 202
23, 46, 15, 89, 152, 202
24, 46, 15, 83, 144, 192
16, 47, 0, 186, 139, 99
17, 47, 0, 196, 147, 106
18, 47, 0, 196, 147, 106
19, 47, 0, 189, 142, 101
20, 47, 0, 93, 28, 0
21, 47, 0, 93, 28, 0
22, 47, 0, 179, 132, 94
23, 47, 0, 179, 132, 94
24, 47, 0, 73, 18, 0
25, 47, 0, 73, 18, 0
26, 47, 0, 123, 69, 38
27, 47, 0, 164, 121, 83
28, 47, 0, 194, 146, 104
29, 47, 0, 194, 146, 104
16, 47, 1, 137, 99, 66
30, 47, 1, 126, 88, 56
16, 47, 2, 96, 64, 36
30, 47, 2, 53, 28, 8
16, 47, 3, 66, 39, 16
30, 47, 3, 59, 33, 11
16, 47, 4, 66, 39, 16
30, 47, 4, 88, 56, 31
16, 47, 5, 96, 64, 36
17, 47, 5, 73, 44, 19
18, 47, 5, 51, 26, 3
19, 47, 5, 43, 18, 0
30, 47, 5, 114, 76, 46
20, 47, 6, 0, 0, 0
27, 47, 6, 0, 0, 0
29, 47, 6, 0, 0, 0
20, 47, 7, 0, 0, 0
26, 47, 7, 0, 0, 0
28, 47, 7, 0, 0, 0
29, 47, 7, 0, 0, 0
13, 47, 8, 29, 74, 104
14, 47, 8, 29, 74, 104
15, 47, 8, 26, 73, 101
16, 47, 8, 26, 73, 101
19, 47, 8, 3, 0, 0
26, 47, 8, 0, 0, 0
29, 47, 8, 0, 0, 0
30, 47, 8, 0, 0, 0
12, 47, 9, 8, 44, 71
13, 47, 9, 24, 68, 96
14, 47, 9, 29, 74, 104
15, 47, 9, 26, 73, 101
16, 47, 9, 26, 73, 101
18, 47, 9, 21, 0, 0
27, 47, 9, 34, 8, 0
28, 47, 9, 104, 61, 26
30, 47, 9, 0, 0, 0
12, 47, 10, 8, 44, 71
13, 47, 10, 19, 61, 89
14, 47, 10, 24, 69, 98
15, 47, 10, 24, 68, 96
16, 47, 10, 24, 69, 99
19, 47, 10, 0, 0, 0
27, 47, 10, 0, 0, 0
29, 47, 10, 0, 0, 0
30, 47, 10, 0, 0, 0
14, 47, 11, 19, 63, 91
15, 47, 11, 10, 48, 73
18, 47, 11, 0, 1, 5
26, 47, 11, 0, 29, 53
18, 47, 12, 0, 0, 0
26, 47, 12, 0, 29, 53
18, 47, 13, 0, 0, 0
19, 47, 13, 0, 0, 0
26, 47, 13, 81, 141, 189
19, 47, 14, 0, 8, 15
25, 47, 14, 83, 144, 194
26, 47, 14, 83, 144, 194
20, 47, 15, 19, 34, 48
21, 47, 15, 19, 34, 48
23, 47, 15, 98, 162, 216
24, 47, 15, 83, 144, 192
21, 47, 16, 31, 34, 41
22, 47, 16, 23, 26, 31
16, 48, 0, 186, 139, 99
17, 48, 0, 196, 147, 106
18, 48, 0, 196, 147, 106
19, 48, 0, 189, 142, 101
20, 48, 0, 103, 49, 19
21, 48, 0, 88, 29, 1
22, 48, 0, 179, 132, 94
23, 48, 0, 191, 142, 101
24, 48, 0, 81, 38, 13
25, 48, 0, 136, 81, 48
26, 48, 0, 136, 81, 48
27, 48, 0, 164, 121, 83
28, 48, 0, 196, 147, 106
29, 48, 0, 196, 147, 106
30, 48, 0, 166, 121, 84
16, 48, 1, 86, 54, 29
30, 48, 1, 26, 5, 0
16, 48, 2, 61, 34, 13
30, 48, 2, 53, 28, 8
16, 48, 3, 73, 44, 19
30, 48, 3, 56, 29, 10
16, 48, 4, 44, 21, 1
30, 48, 4, 68, 39, 16
16, 48, 5, 118, 81, 51
17, 48, 5, 84, 54, 28
18, 48, 5, 51, 26, 3
19, 48, 5, 59, 33, 10
27, 48, 5, 48, 23, 1
30, 48, 5, 116, 79, 48
20, 48, 6, 0, 0, 0
26, 48, 6, 0, 0, 0
28, 48, 6, 0, 0, 0
29, 48, 6, 0, 0, 0
19, 48, 7, 109, 66, 28
26, 48, 7, 0, 13, 33
28, 48, 7, 0, 0, 0
29, 48, 7, 0, 0, 0
19, 48, 8, 28, 18, 8
26, 48, 8, 0, 13, 33
29, 48, 8, 0, 0, 0
19, 48, 9, 0, 0, 0
26, 48, 9, 0, 24, 46
29, 48, 9, 0, 0, 0
30, 48, 9, 0, 0, 0
18, 48, 10, 0, 0, 0
26, 48, 10, 0, 29, 53
29, 48, 10, 0, 0, 0
30, 48, 10, 0, 0, 0
18, 48, 11, 1, 5, 8
26, 48, 11, 0, 34, 58
29, 48, 11, 5, 5, 5
30, 48, 11, 0, 0, 0
18, 48, 12, 0, 0, 0
19, 48, 12, 0, 0, 0
26, 48, 12, 31, 71, 101
18, 48, 13, 0, 1, 6
19, 48, 13, 0, 0, 0
26, 48, 13, 79, 137, 186
19, 48, 14, 5, 8, 11
26, 48, 14, 86, 149, 199
20, 48, 15, 0, 0, 3
23, 48, 15, 10, 41, 66
24, 48, 15, 0, 1, 16
25, 48, 15, 39, 83, 118
21, 48, 16, 23, 26, 31
22, 48, 16, 29, 49, 68
16, 49, 0, 181, 136, 96
17, 49, 0, 197, 149, 106
18, 49, 0, 192, 144, 103
19, 49, 0, 189, 142, 101
20, 49, 0, 94, 39, 11
21, 49, 0, 94, 39, 11
22, 49, 0, 189, 142, 103
23, 49, 0, 134, 96, 63
24, 49, 0, 78, 26, 1
25, 49, 0, 78, 26, 1
26, 49, 0, 136, 81, 48
27, 49, 0, 194, 146, 104
28, 49, 0, 196, 147, 106
29, 49, 0, 196, 147, 106
30, 49, 0, 134, 96, 63
16, 49, 1, 84, 54, 28
30, 49, 1, 134, 96, 63
16, 49, 2, 61, 34, 13
30, 49, 2, 86, 54, 29
16, 49, 3, 71, 43, 19
30, 49, 3, 56, 29, 10
16, 49, 4, 44, 21, 1
30, 49, 4, 74, 46, 21
16, 49, 5, 141, 101, 68
17, 49, 5, 119, 84, 53
18, 49, 5, 108, 73, 43
19, 49, 5, 104, 71, 41
27, 49, 5, 134, 96, 63
30, 49, 5, 113, 78, 48
20, 49, 6, 0, 0, 10
26, 49, 6, 0, 6, 24
28, 49, 6, 0, 0, 0
29, 49, 6, 0, 0, 0
19, 49, 7, 109, 66, 28
26, 49, 7, 0, 6, 24
28, 49, 7, 0, 0, 0
29, 49, 7, 0, 0, 0
30, 49, 7, 3, 6, 10
19, 49, 8, 23, 21, 19
26, 49, 8, 0, 13, 33
29, 49, 8, 0, 0, 0
30, 49, 8, 0, 1, 5
19, 49, 9, 0, 0, 0
26, 49, 9, 0, 24, 46
28, 49, 9, 0, 0, 0
31, 49, 9, 0, 13, 33
19, 49, 10, 0, 0, 0
26, 49, 10, 0, 29, 53
28, 49, 10, 0, 0, 0
31, 49, 10, 0, 8, 26
19, 49, 11, 0, 1, 3
26, 49, 11, 0, 34, 58
28, 49, 11, 0, 0, 0
31, 49, 11, 0, 0, 1
20, 49, 12, 0, 0, 0
26, 49, 12, 10, 41, 64
28, 49, 12, 0, 0, 0
29, 49, 12, 0, 48, 0
30, 49, 12, 0, 81, 0
31, 49, 12, 0, 0, 1
20, 49, 13, 21, 58, 88
26, 49, 13, 64, 114, 154
20, 49, 14, 36, 69, 96
25, 49, 14, 15, 38, 56
26, 49, 14, 86, 146, 194
21, 49, 15, 0, 0, 0
22, 49, 15, 29, 49, 68
23, 49, 15, 91, 152, 204
24, 49, 15, 0, 23, 43
16, 50, 0, 118, 83, 53
17, 50, 0, 197, 149, 106
18, 50, 0, 192, 144, 103
19, 50, 0, 192, 144, 103
20, 50, 0, 94, 39, 11
21, 50, 0, 83, 19, 0
22, 50, 0, 154, 113, 78
23, 50, 0, 134, 96, 63
24, 50, 0, 78, 26, 1
25, 50, 0, 106, 38, 8
26, 50, 0, 126, 73, 39
27, 50, 0, 194, 146, 104
28, 50, 0, 197, 149, 106
29, 50, 0, 134, 96, 63
16, 50, 1, 118, 83, 53
30, 50, 1, 134, 96, 63
16, 50, 2, 84, 54, 28
30, 50, 2, 74, 46, 21
16, 50, 3, 71, 43, 19
30, 50, 3, 81, 51, 24
16, 50, 4, 116, 81, 49
30, 50, 4, 113, 78, 48
16, 50, 5, 116, 81, 49
17, 50, 5, 103, 69, 41
18, 50, 5, 88, 58, 31
19, 50, 5, 81, 51, 26
22, 50, 5, 0, 0, 5
23, 50, 5, 89, 64, 43
27, 50, 5, 134, 96, 63
28, 50, 5, 136, 96, 64
29, 50, 5, 136, 96, 64
30, 50, 5, 113, 78, 48
20, 50, 6, 0, 0, 10
26, 50, 6, 0, 13, 29
20, 50, 7, 58, 38, 18
26, 50, 7, 0, 6, 24
19, 50, 8, 73, 73, 73
26, 50, 8, 0, 36, 59
29, 50, 8, 0, 0, 0
30, 50, 8, 0, 1, 5
19, 50, 9, 109, 109, 109
26, 50, 9, 0, 34, 58
28, 50, 9, 0, 0, 15
31, 50, 9, 0, 31, 54
19, 50, 10, 103, 103, 103
26, 50, 10, 0, 34, 58
28, 50, 10, 0, 0, 15
31, 50, 10, 0, 34, 59
19, 50, 11, 74, 74, 74
26, 50, 11, 0, 34, 58
28, 50, 11, 0, 0, 10
31, 50, 11, 3, 38, 63
20, 50, 12, 16, 36, 48
26, 50, 12, 8, 41, 66
28, 50, 12, 0, 15, 6
29, 50, 12, 0, 13, 0
30, 50, 12, 0, 119, 18
31, 50, 12, 3, 38, 63
20, 50, 13, 16, 36, 48
26, 50, 13, 23, 58, 84
20, 50, 14, 68, 48, 28
26, 50, 14, 83, 96, 104
21, 50, 15, 157, 0, 0
22, 50, 15, 141, 0, 5
23, 50, 15, 53, 103, 142
24, 50, 15, 84, 0, 0
25, 50, 15, 81, 0, 0
16, 51, 1, 184, 137, 98
17, 51, 1, 192, 144, 103
18, 51, 1, 192, 144, 103
19, 51, 1, 187, 139, 99
20, 51, 1, 93, 44, 18
21, 51, 1, 21, 0, 0
22, 51, 1, 179, 132, 94
23, 51, 1, 194, 147, 104
24, 51, 1, 109, 73, 43
25, 51, 1, 106, 38, 8
26, 51, 1, 119, 54, 23
27, 51, 1, 177, 132, 93
28, 51, 1, 166, 123, 84
29, 51, 1, 141, 103, 68
30, 51, 1, 167, 124, 86
16, 51, 2, 181, 134, 94
17, 51, 2, 192, 144, 103
18, 51, 2, 194, 146, 104
19, 51, 2, 187, 141, 99
20, 51, 2, 108, 54, 24
21, 51, 2, 21, 0, 0
22, 51, 2, 177, 132, 93
23, 51, 2, 194, 147, 104
24, 51, 2, 34, 0, 0
25, 51, 2, 93, 24, 0
26, 51, 2, 169, 121, 81
27, 51, 2, 192, 144, 103
28, 51, 2, 166, 123, 84
29, 51, 2, 196, 147, 106
30, 51, 2, 144, 106, 69
16, 51, 3, 179, 134, 94
17, 51, 3, 186, 139, 99
18, 51, 3, 184, 139, 98
19, 51, 3, 187, 141, 99
20, 51, 3, 108, 58, 28
21, 51, 3, 53, 6, 0
22, 51, 3, 177, 132, 93
23, 51, 3, 166, 123, 84
24, 51, 3, 49, 10, 0
25, 51, 3, 93, 24, 0
26, 51, 3, 116, 63, 33
27, 51, 3, 184, 137, 98
28, 51, 3, 192, 144, 104
29, 51, 3, 196, 147, 104
30, 51, 3, 146, 106, 71
16, 51, 4, 164, 121, 84
17, 51, 4, 151, 109, 74
18, 51, 4, 149, 109, 74
19, 51, 4, 81, 51, 26
20, 51, 4, 36, 0, 0
21, 51, 4, 53, 6, 0
22, 51, 4, 166, 123, 84
23, 51, 4, 159, 116, 79
24, 51, 4, 51, 13, 0
25, 51, 4, 84, 18, 0
26, 51, 4, 116, 63, 33
27, 51, 4, 184, 137, 98
28, 51, 4, 136, 96, 64
29, 51, 4, 136, 96, 64
30, 51, 4, 146, 106, 71
20, 51, 5, 18, 0, 0
21, 51, 5, 24, 0, 0
24, 51, 5, 16, 0, 0
25, 51, 5, 84, 18, 0
26, 51, 5, 73, 24, 0
20, 51, 6, 0, 6, 13
22, 51, 6, 3, 33, 53
23, 51, 6, 0, 33, 54
26, 51, 6, 18, 56, 81
20, 51, 7, 79, 51, 24
26, 51, 7, 18, 56, 81
19, 51, 8, 81, 81, 81
26, 51, 8, 11, 51, 79
19, 51, 9, 81, 81, 81
26, 51, 9, 6, 44, 71
29, 51, 9, 8, 46, 71
30, 51, 9, 15, 49, 73
19, 51, 10, 106, 106, 104
26, 51, 10, 5, 43, 68
29, 51, 10, 8, 46, 71
30, 51, 10, 15, 49, 73
19, 51, 11, 94, 94, 94
26, 51, 11, 8, 46, 71
29, 51, 11, 0, 21, 41
30, 51, 11, 10, 44, 69
20, 51, 12, 33, 44, 48
26, 51, 12, 18, 58, 84
29, 51, 12, 0, 19, 31
30, 51, 12, 10, 54, 56
20, 51, 13, 33, 44, 48
26, 51, 13, 18, 58, 84
20, 51, 14, 93, 86, 76
26, 51, 14, 86, 88, 86
21, 51, 15, 157, 0, 0
22, 51, 15, 169, 0, 0
23, 51, 15, 53, 103, 142
24, 51, 15, 99, 0, 0
25, 51, 15, 81, 0, 0
20, 52, 6, 49, 46, 39
21, 52, 6, 59, 59, 53
22, 52, 6, 16, 59, 86
23, 52, 6, 23, 68, 96
24, 52, 6, 23, 68, 96
25, 52, 6, 18, 53, 73
20, 52, 7, 49, 46, 39
26, 52, 7, 18, 56, 81
20, 52, 8, 33, 21, 10
26, 52, 8, 11, 51, 79
19, 52, 9, 99, 99, 99
26, 52, 9, 16, 58, 86
19, 52, 10, 106, 106, 106
26, 52, 10, 18, 59, 88
20, 52, 11, 71, 43, 18
26, 52, 11, 16, 58, 84
20, 52, 12, 33, 44, 48
26, 52, 12, 23, 63, 88
20, 52, 13, 33, 44, 48
26, 52, 13, 21, 64, 93
20, 52, 14, 93, 86, 76
21, 52, 14, 46, 53, 58
22, 52, 14, 46, 53, 58
23, 52, 14, 34, 68, 91
24, 52, 14, 28, 38, 44
25, 52, 14, 51, 78, 93
26, 52, 14, 119, 111, 99
20, 53, 7, 29, 61, 79
21, 53, 7, 19, 53, 74
22, 53, 7, 19, 53, 74
23, 53, 7, 23, 68, 96
24, 53, 7, 24, 69, 98
25, 53, 7, 36, 73, 93
20, 53, 8, 43, 59, 68
26, 53, 8, 18, 61, 89
20, 53, 9, 43, 59, 68
26, 53, 9, 19, 63, 91
20, 53, 10, 98, 93, 83
26, 53, 10, 18, 59, 88
20, 53, 11, 98, 93, 83
26, 53, 11, 21, 64, 93
20, 53, 12, 36, 58, 69
26, 53, 12, 23, 63, 88
20, 53, 13, 33, 58, 71
21, 53, 13, 84, 91, 89
22, 53, 13, 31, 69, 94
24, 53, 13, 28, 71, 101
25, 53, 13, 23, 63, 88
23, 53, 14, 131, 132, 134
21, 54, 8, 23, 53, 71
22, 54, 8, 31, 73, 101
23, 54, 8, 28, 73, 103
24, 54, 8, 51, 83, 103
25, 54, 8, 51, 83, 103
20, 54, 9, 5, 39, 64
21, 54, 9, 51, 64, 68
22, 54, 9, 31, 73, 101
23, 54, 9, 26, 71, 101
24, 54, 9, 44, 79, 101
25, 54, 9, 84, 99, 104
20, 54, 10, 98, 93, 83
21, 54, 10, 103, 103, 94
22, 54, 10, 36, 78, 104
23, 54, 10, 28, 73, 103
24, 54, 10, 44, 79, 101
25, 54, 10, 44, 79, 101
21, 54, 11, 106, 109, 104
22, 54, 11, 36, 78, 103
23, 54, 11, 28, 73, 104
24, 54, 11, 28, 73, 104
25, 54, 11, 73, 89, 98
21, 54, 12, 111, 101, 89
22, 54, 12, 29, 74, 106
23, 54, 12, 29, 74, 106
24, 54, 12, 28, 73, 104
25, 54, 12, 108, 111, 109
21, 54, 13, 98, 106, 109
22, 54, 13, 31, 69, 94
23, 54, 13, 29, 74, 106
24, 54, 13, 28, 71, 101
25, 54, 13, 41, 79, 104
17, 57, 5, 13, 16, 19
18, 57, 5, 6, 8, 13
18, 57, 6, 0, 0, 0
17, 58, 5, 0, 1, 5
18, 58, 5, 6, 8, 13
18, 58, 6, 0, 1, 5
17, 59, 5, 8, 11, 16
18, 59, 5, 0, 1, 5
18, 59, 6, 0, 0, 0