21, 0, 8, 58, 0, 0
22, 0, 8, 58, 0, 0
23, 0, 8, 38, 0, 0
24, 0, 8, 38, 0, 0
31, 0, 8, 61, 0, 0
32, 0, 8, 61, 0, 0
33, 0, 8, 69, 0, 0
34, 0, 8, 69, 0, 0
19, 0, 9, 61, 0, 0
20, 0, 9, 61, 0, 0
21, 0, 9, 73, 0, 0
22, 0, 9, 58, 0, 0
23, 0, 9, 68, 0, 0
24, 0, 9, 54, 0, 0
25, 0, 9, 54, 0, 0
30, 0, 9, 66, 0, 0
31, 0, 9, 56, 0, 0
32, 0, 9, 54, 0, 0
33, 0, 9, 59, 0, 0
34, 0, 9, 64, 0, 0
35, 0, 9, 64, 0, 0
36, 0, 9, 63, 0, 0
19, 0, 10, 61, 0, 0
20, 0, 10, 91, 0, 0
21, 0, 10, 91, 0, 0
22, 0, 10, 93, 0, 0
23, 0, 10, 86, 0, 0
24, 0, 10, 74, 0, 0
25, 0, 10, 31, 0, 0
26, 0, 10, 15, 0, 0
29, 0, 10, 24, 0, 0
30, 0, 10, 26, 0, 0
31, 0, 10, 79, 0, 0
32, 0, 10, 79, 0, 0
33, 0, 10, 84, 0, 0
34, 0, 10, 78, 0, 0
35, 0, 10, 86, 0, 0
36, 0, 10, 63, 0, 0
19, 0, 11, 46, 0, 0
20, 0, 11, 79, 0, 0
21, 0, 11, 94, 0, 0
22, 0, 11, 99, 0, 0
23, 0, 11, 86, 0, 0
24, 0, 11, 73, 0, 0
25, 0, 11, 13, 0, 0
26, 0, 11, 10, 0, 0
29, 0, 11, 23, 0, 0
30, 0, 11, 15, 0, 0
31, 0, 11, 74, 0, 0
32, 0, 11, 88, 0, 0
33, 0, 11, 84, 0, 0
34, 0, 11, 74, 0, 0
35, 0, 11, 76, 0, 0
36, 0, 11, 53, 0, 0
19, 0, 12, 41, 0, 0
20, 0, 12, 93, 0, 0
21, 0, 12, 104, 0, 0
22, 0, 12, 99, 0, 0
23, 0, 12, 88, 0, 0
24, 0, 12, 83, 0, 0
25, 0, 12, 8, 0, 0
26, 0, 12, 10, 0, 0
29, 0, 12, 28, 0, 0
30, 0, 12, 16, 0, 0
31, 0, 12, 84, 0, 0
32, 0, 12, 84, 0, 0
33, 0, 12, 91, 0, 0
34, 0, 12, 88, 0, 0
35, 0, 12, 81, 0, 0
36, 0, 12, 54, 0, 0
19, 0, 13, 41, 0, 0
20, 0, 13, 93, 0, 0
21, 0, 13, 104, 0, 0
22, 0, 13, 99, 0, 0
23, 0, 13, 88, 0, 0
24, 0, 13, 88, 0, 0
25, 0, 13, 13, 0, 0
26, 0, 13, 10, 0, 0
29, 0, 13, 28, 0, 0
30, 0, 13, 16, 0, 0
31, 0, 13, 84, 0, 0
32, 0, 13, 84, 0, 0
33, 0, 13, 91, 0, 0
34, 0, 13, 96, 0, 0
35, 0, 13, 79, 0, 0
36, 0, 13, 54, 0, 0
19, 0, 14, 31, 0, 0
20, 0, 14, 78, 0, 0
21, 0, 14, 99, 0, 0
22, 0, 14, 88, 0, 0
23, 0, 14, 81, 0, 0
24, 0, 14, 91, 0, 0
25, 0, 14, 1, 0, 0
26, 0, 14, 0, 0, 0
29, 0, 14, 16, 0, 0
30, 0, 14, 0, 0, 0
31, 0, 14, 89, 0, 0
32, 0, 14, 88, 0, 0
33, 0, 14, 94, 0, 0
34, 0, 14, 96, 0, 0
35, 0, 14, 76, 0, 0
36, 0, 14, 43, 0, 0
19, 0, 15, 36, 0, 0
20, 0, 15, 78, 0, 0
21, 0, 15, 73, 0, 0
22, 0, 15, 73, 0, 0
23, 0, 15, 74, 0, 0
24, 0, 15, 99, 0, 0
25, 0, 15, 0, 0, 0
26, 0, 15, 3, 0, 0
29, 0, 15, 15, 0, 0
30, 0, 15, 0, 0, 0
31, 0, 15, 89, 0, 0
32, 0, 15, 88, 0, 0
33, 0, 15, 84, 0, 0
34, 0, 15, 88, 0, 0
35, 0, 15, 79, 0, 0
36, 0, 15, 39, 0, 0
19, 0, 16, 41, 0, 0
20, 0, 16, 66, 0, 0
21, 0, 16, 66, 0, 0
22, 0, 16, 64, 0, 0
23, 0, 16, 73, 0, 0
24, 0, 16, 94, 0, 0
25, 0, 16, 0, 0, 0
26, 0, 16, 5, 0, 0
29, 0, 16, 23, 0, 0
30, 0, 16, 0, 0, 0
31, 0, 16, 93, 0, 0
32, 0, 16, 88, 0, 0
33, 0, 16, 84, 0, 0
34, 0, 16, 89, 0, 0
35, 0, 16, 86, 0, 0
36, 0, 16, 43, 0, 0
19, 0, 17, 53, 0, 0
20, 0, 17, 49, 0, 0
21, 0, 17, 58, 0, 0
22, 0, 17, 76, 0, 0
23, 0, 17, 76, 0, 0
24, 0, 17, 101, 0, 0
25, 0, 17, 10, 0, 0
26, 0, 17, 29, 0, 0
29, 0, 17, 26, 0, 0
30, 0, 17, 0, 0, 0
31, 0, 17, 81, 0, 0
32, 0, 17, 88, 0, 0
33, 0, 17, 88, 0, 0
34, 0, 17, 89, 0, 0
35, 0, 17, 86, 0, 0
36, 0, 17, 51, 0, 0
19, 0, 18, 53, 0, 0
20, 0, 18, 48, 0, 0
21, 0, 18, 58, 0, 0
22, 0, 18, 81, 0, 0
23, 0, 18, 76, 0, 0
24, 0, 18, 108, 0, 0
25, 0, 18, 19, 0, 0
26, 0, 18, 29, 0, 0
29, 0, 18, 26, 0, 0
30, 0, 18, 3, 0, 0
31, 0, 18, 81, 0, 0
32, 0, 18, 88, 0, 0
33, 0, 18, 88, 0, 0
34, 0, 18, 89, 0, 0
35, 0, 18, 89, 0, 0
36, 0, 18, 51, 0, 0
19, 0, 19, 48, 0, 0
20, 0, 19, 61, 0, 0
21, 0, 19, 71, 0, 0
22, 0, 19, 91, 0, 0
23, 0, 19, 96, 0, 0
24, 0, 19, 96, 0, 0
25, 0, 19, 10, 0, 0
26, 0, 19, 33, 0, 0
29, 0, 19, 13, 0, 0
30, 0, 19, 1, 0, 0
31, 0, 19, 68, 0, 0
32, 0, 19, 78, 0, 0
33, 0, 19, 69, 0, 0
34, 0, 19, 93, 0, 0
35, 0, 19, 93, 0, 0
36, 0, 19, 61, 0, 0
19, 0, 20, 56, 0, 0
20, 0, 20, 81, 0, 0
21, 0, 20, 81, 0, 0
22, 0, 20, 89, 0, 0
23, 0, 20, 89, 0, 0
24, 0, 20, 66, 0, 0
25, 0, 20, 66, 0, 0
26, 0, 20, 23, 0, 0
29, 0, 20, 11, 0, 0
30, 0, 20, 11, 0, 0
31, 0, 20, 56, 0, 0
32, 0, 20, 58, 0, 0
33, 0, 20, 89, 0, 0
34, 0, 20, 93, 0, 0
35, 0, 20, 96, 0, 0
36, 0, 20, 68, 0, 0
19, 0, 21, 56, 0, 0
20, 0, 21, 81, 0, 0
21, 0, 21, 81, 0, 0
22, 0, 21, 89, 0, 0
23, 0, 21, 89, 0, 0
24, 0, 21, 66, 0, 0
25, 0, 21, 66, 0, 0
26, 0, 21, 23, 0, 0
29, 0, 21, 11, 0, 0
30, 0, 21, 11, 0, 0
31, 0, 21, 53, 0, 0
32, 0, 21, 74, 0, 0
33, 0, 21, 89, 0, 0
34, 0, 21, 93, 0, 0
35, 0, 21, 109, 0, 0
36, 0, 21, 68, 0, 0
19, 0, 22, 63, 0, 0
20, 0, 22, 64, 0, 0
21, 0, 22, 78, 0, 0
22, 0, 22, 89, 0, 0
23, 0, 22, 84, 0, 0
24, 0, 22, 78, 0, 0
25, 0, 22, 19, 0, 0
26, 0, 22, 11, 0, 0
29, 0, 22, 13, 0, 0
30, 0, 22, 18, 0, 0
31, 0, 22, 78, 0, 0
32, 0, 22, 96, 0, 0
33, 0, 22, 91, 0, 0
34, 0, 22, 94, 0, 0
35, 0, 22, 111, 0, 0
36, 0, 22, 58, 0, 0
19, 0, 23, 68, 0, 0
20, 0, 23, 59, 0, 0
21, 0, 23, 71, 0, 0
22, 0, 23, 74, 0, 0
23, 0, 23, 78, 0, 0
24, 0, 23, 78, 0, 0
25, 0, 23, 26, 0, 0
26, 0, 23, 26, 0, 0
29, 0, 23, 54, 0, 0
30, 0, 23, 54, 0, 0
31, 0, 23, 78, 0, 0
32, 0, 23, 98, 0, 0
33, 0, 23, 93, 0, 0
34, 0, 23, 94, 0, 0
35, 0, 23, 84, 0, 0
36, 0, 23, 78, 0, 0
19, 0, 24, 68, 0, 0
20, 0, 24, 68, 0, 0
21, 0, 24, 73, 0, 0
22, 0, 24, 73, 0, 0
23, 0, 24, 76, 0, 0
24, 0, 24, 43, 0, 0
25, 0, 24, 29, 0, 0
30, 0, 24, 54, 0, 0
31, 0, 24, 54, 0, 0
32, 0, 24, 99, 0, 0
33, 0, 24, 101, 0, 0
34, 0, 24, 98, 0, 0
35, 0, 24, 78, 0, 0
36, 0, 24, 78, 0, 0
20, 0, 25, 76, 0, 0
21, 0, 25, 76, 0, 0
22, 0, 25, 66, 0, 0
23, 0, 25, 43, 0, 0
24, 0, 25, 43, 0, 0
31, 0, 25, 51, 0, 0
32, 0, 25, 51, 0, 0
33, 0, 25, 66, 0, 0
34, 0, 25, 64, 0, 0
35, 0, 25, 64, 0, 0
21, 1, 8, 38, 0, 0
22, 1, 8, 34, 0, 0
23, 1, 8, 48, 0, 0
24, 1, 8, 48, 0, 0
31, 1, 8, 74, 0, 0
32, 1, 8, 74, 0, 0
33, 1, 8, 73, 0, 0
34, 1, 8, 81, 0, 0
19, 1, 9, 63, 0, 0
20, 1, 9, 49, 0, 0
25, 1, 9, 46, 0, 0
30, 1, 9, 66, 0, 0
35, 1, 9, 81, 0, 0
36, 1, 9, 76, 0, 0
19, 1, 10, 63, 0, 0
25, 1, 10, 48, 0, 0
30, 1, 10, 15, 0, 0
36, 1, 10, 86, 0, 0
19, 1, 11, 76, 0, 0
25, 1, 11, 38, 0, 0
30, 1, 11, 41, 0, 0
36, 1, 11, 86, 0, 0
19, 1, 12, 76, 0, 0
25, 1, 12, 38, 0, 0
30, 1, 12, 34, 0, 0
36, 1, 12, 66, 0, 0
19, 1, 13, 53, 0, 0
25, 1, 13, 24, 0, 0
30, 1, 13, 39, 0, 0
36, 1, 13, 69, 0, 0
19, 1, 14, 53, 0, 0
25, 1, 14, 24, 0, 0
30, 1, 14, 23, 0, 0
36, 1, 14, 96, 0, 0
19, 1, 15, 43, 0, 0
26, 1, 15, 24, 0, 0
29, 1, 15, 8, 0, 0
36, 1, 15, 38, 0, 0
19, 1, 16, 59, 0, 0
26, 1, 16, 26, 0, 0
30, 1, 16, 10, 0, 0
36, 1, 16, 81, 0, 0
19, 1, 17, 73, 0, 0
25, 1, 17, 10, 0, 0
30, 1, 17, 15, 0, 0
36, 1, 17, 104, 0, 0
19, 1, 18, 73, 0, 0
25, 1, 18, 24, 0, 0
30, 1, 18, 15, 0, 0
36, 1, 18, 94, 0, 0
19, 1, 19, 69, 0, 0
25, 1, 19, 39, 0, 0
30, 1, 19, 28, 0, 0
36, 1, 19, 88, 0, 0
19, 1, 20, 73, 0, 0
25, 1, 20, 51, 0, 0
30, 1, 20, 38, 0, 0
36, 1, 20, 88, 0, 0
19, 1, 21, 79, 0, 0
25, 1, 21, 49, 0, 0
30, 1, 21, 41, 0, 0
36, 1, 21, 79, 0, 0
19, 1, 22, 89, 0, 0
25, 1, 22, 48, 0, 0
30, 1, 22, 38, 0, 0
36, 1, 22, 76, 0, 0
19, 1, 23, 91, 0, 0
25, 1, 23, 39, 0, 0
30, 1, 23, 54, 0, 0
36, 1, 23, 64, 0, 0
20, 1, 24, 91, 0, 0
25, 1, 24, 39, 0, 0
30, 1, 24, 54, 0, 0
35, 1, 24, 69, 0, 0
20, 1, 25, 94, 0, 0
21, 1, 25, 88, 0, 0
22, 1, 25, 88, 0, 0
23, 1, 25, 61, 0, 0
24, 1, 25, 61, 0, 0
31, 1, 25, 61, 0, 0
32, 1, 25, 61, 0, 0
33, 1, 25, 76, 0, 0
34, 1, 25, 76, 0, 0
35, 1, 25, 71, 0, 0
21, 2, 8, 44, 0, 0
22, 2, 8, 44, 0, 0
23, 2, 8, 56, 0, 0
24, 2, 8, 58, 0, 0
31, 2, 8, 73, 0, 0
32, 2, 8, 74, 0, 0
33, 2, 8, 81, 0, 0
34, 2, 8, 94, 0, 0
19, 2, 9, 79, 0, 0
20, 2, 9, 68, 0, 0
25, 2, 9, 59, 0, 0
30, 2, 9, 98, 0, 0
35, 2, 9, 89, 0, 0
36, 2, 9, 91, 0, 0
19, 2, 10, 58, 0, 0
25, 2, 10, 39, 0, 0
30, 2, 10, 46, 0, 0
36, 2, 10, 78, 0, 0
18, 2, 11, 54, 0, 0
26, 2, 11, 19, 0, 0
29, 2, 11, 49, 0, 0
37, 2, 11, 59, 0, 0
18, 2, 12, 44, 0, 0
26, 2, 12, 18, 0, 0
29, 2, 12, 29, 0, 0
37, 2, 12, 84, 0, 0
18, 2, 13, 49, 0, 0
26, 2, 13, 19, 0, 0
29, 2, 13, 51, 0, 0
37, 2, 13, 71, 0, 0
18, 2, 14, 49, 0, 0
26, 2, 14, 19, 0, 0
29, 2, 14, 51, 0, 0
37, 2, 14, 71, 0, 0
18, 2, 15, 43, 0, 0
26, 2, 15, 0, 0, 0
29, 2, 15, 0, 0, 0
37, 2, 15, 38, 0, 0
18, 2, 16, 68, 0, 0
26, 2, 16, 24, 0, 0
29, 2, 16, 0, 0, 0
37, 2, 16, 38, 0, 0
18, 2, 17, 63, 0, 0
26, 2, 17, 28, 0, 0
29, 2, 17, 11, 0, 0
37, 2, 17, 61, 0, 0
18, 2, 18, 63, 0, 0
26, 2, 18, 28, 0, 0
29, 2, 18, 11, 0, 0
37, 2, 18, 71, 0, 0
19, 2, 19, 88, 0, 0
25, 2, 19, 48, 0, 0
30, 2, 19, 21, 0, 0
36, 2, 19, 89, 0, 0
19, 2, 20, 93, 0, 0
25, 2, 20, 58, 0, 0
30, 2, 20, 41, 0, 0
36, 2, 20, 81, 0, 0
19, 2, 21, 58, 0, 0
25, 2, 21, 66, 0, 0
30, 2, 21, 46, 0, 0
36, 2, 21, 46, 0, 0
19, 2, 22, 66, 0, 0
25, 2, 22, 66, 0, 0
30, 2, 22, 48, 0, 0
36, 2, 22, 46, 0, 0
19, 2, 23, 66, 0, 0
25, 2, 23, 73, 0, 0
30, 2, 23, 54, 0, 0
36, 2, 23, 46, 0, 0
20, 2, 24, 74, 0, 0
21, 2, 24, 63, 0, 0
22, 2, 24, 73, 0, 0
23, 2, 24, 74, 0, 0
24, 2, 24, 51, 0, 0
31, 2, 24, 61, 0, 0
32, 2, 24, 61, 0, 0
33, 2, 24, 64, 0, 0
34, 2, 24, 61, 0, 0
35, 2, 24, 69, 0, 0
21, 2, 25, 73, 0, 0
22, 2, 25, 73, 0, 0
23, 2, 25, 51, 0, 0
24, 2, 25, 51, 0, 0
31, 2, 25, 61, 0, 0
32, 2, 25, 61, 0, 0
33, 2, 25, 76, 0, 0
34, 2, 25, 71, 0, 0
21, 3, 8, 61, 0, 0
22, 3, 8, 61, 0, 0
23, 3, 8, 59, 0, 0
24, 3, 8, 59, 0, 0
31, 3, 8, 79, 0, 0
32, 3, 8, 79, 0, 0
33, 3, 8, 93, 0, 0
34, 3, 8, 96, 0, 0
19, 3, 9, 86, 0, 0
20, 3, 9, 86, 0, 0
25, 3, 9, 54, 0, 0
30, 3, 9, 76, 0, 0
35, 3, 9, 91, 0, 0
36, 3, 9, 91, 0, 0
19, 3, 10, 61, 0, 0
25, 3, 10, 26, 0, 0
30, 3, 10, 33, 0, 0
36, 3, 10, 86, 0, 0
18, 3, 11, 39, 0, 0
26, 3, 11, 18, 0, 0
29, 3, 11, 23, 0, 0
37, 3, 11, 59, 0, 0
18, 3, 12, 44, 0, 0
26, 3, 12, 18, 0, 0
29, 3, 12, 0, 0, 0
37, 3, 12, 84, 0, 0
18, 3, 13, 48, 0, 0
26, 3, 13, 13, 0, 0
29, 3, 13, 0, 0, 0
37, 3, 13, 89, 0, 0
18, 3, 14, 49, 0, 0
26, 3, 14, 13, 0, 0
29, 3, 14, 51, 0, 0
37, 3, 14, 86, 0, 0
18, 3, 15, 23, 0, 0
26, 3, 15, 0, 0, 0
29, 3, 15, 0, 0, 0
37, 3, 15, 44, 0, 0
18, 3, 16, 71, 0, 0
26, 3, 16, 24, 0, 0
29, 3, 16, 0, 0, 0
37, 3, 16, 48, 0, 0
18, 3, 17, 68, 0, 0
26, 3, 17, 24, 0, 0
29, 3, 17, 0, 0, 0
37, 3, 17, 48, 0, 0
18, 3, 18, 66, 0, 0
26, 3, 18, 28, 0, 0
29, 3, 18, 11, 0, 0
37, 3, 18, 81, 0, 0
18, 3, 19, 76, 0, 0
26, 3, 19, 36, 0, 0
29, 3, 19, 21, 0, 0
37, 3, 19, 68, 0, 0
19, 3, 20, 64, 0, 0
25, 3, 20, 51, 0, 0
30, 3, 20, 39, 0, 0
36, 3, 20, 61, 0, 0
19, 3, 21, 58, 0, 0
20, 3, 21, 58, 0, 0
25, 3, 21, 66, 0, 0
30, 3, 21, 44, 0, 0
36, 3, 21, 46, 0, 0
19, 3, 22, 58, 0, 0
20, 3, 22, 89, 0, 0
21, 3, 22, 83, 0, 0
22, 3, 22, 58, 0, 0
23, 3, 22, 58, 0, 0
24, 3, 22, 58, 0, 0
25, 3, 22, 66, 0, 0
30, 3, 22, 44, 0, 0
31, 3, 22, 43, 0, 0
32, 3, 22, 43, 0, 0
33, 3, 22, 41, 0, 0
34, 3, 22, 38, 0, 0
35, 3, 22, 36, 0, 0
36, 3, 22, 46, 0, 0
20, 3, 23, 89, 0, 0
21, 3, 23, 58, 0, 0
22, 3, 23, 58, 0, 0
23, 3, 23, 68, 0, 0
24, 3, 23, 68, 0, 0
31, 3, 23, 61, 0, 0
32, 3, 23, 61, 0, 0
33, 3, 23, 61, 0, 0
34, 3, 23, 61, 0, 0
35, 3, 23, 51, 0, 0
20, 4, 8, 129, 0, 0
21, 4, 8, 61, 0, 0
22, 4, 8, 131, 0, 0
23, 4, 8, 108, 0, 0
24, 4, 8, 99, 0, 0
25, 4, 8, 96, 0, 0
30, 4, 8, 91, 0, 0
31, 4, 8, 103, 0, 0
32, 4, 8, 106, 0, 0
33, 4, 8, 142, 0, 0
34, 4, 8, 134, 0, 0
35, 4, 8, 101, 0, 0
36, 4, 8, 101, 0, 0
19, 4, 9, 86, 0, 0
26, 4, 9, 229, 98, 0
29, 4, 9, 231, 103, 0
36, 4, 9, 144, 0, 0
19, 4, 10, 151, 18, 0
26, 4, 10, 229, 98, 0
29, 4, 10, 216, 88, 0
36, 4, 10, 169, 19, 0
18, 4, 11, 44, 0, 0
26, 4, 11, 18, 0, 0
29, 4, 11, 10, 0, 0
37, 4, 11, 66, 0, 0
18, 4, 12, 51, 0, 0
26, 4, 12, 10, 0, 0
29, 4, 12, 0, 0, 0
37, 4, 12, 91, 0, 0
18, 4, 13, 48, 0, 0
26, 4, 13, 0, 0, 0
29, 4, 13, 0, 0, 0
37, 4, 13, 86, 0, 0
18, 4, 14, 64, 0, 0
26, 4, 14, 5, 0, 0
29, 4, 14, 0, 0, 0
37, 4, 14, 96, 0, 0
18, 4, 15, 44, 0, 0
26, 4, 15, 0, 0, 0
29, 4, 15, 0, 0, 0
37, 4, 15, 58, 0, 0
18, 4, 16, 71, 0, 0
26, 4, 16, 0, 0, 0
29, 4, 16, 0, 0, 0
37, 4, 16, 34, 0, 0
18, 4, 17, 68, 0, 0
26, 4, 17, 0, 0, 0
29, 4, 17, 0, 0, 0
37, 4, 17, 34, 0, 0
18, 4, 18, 68, 0, 0
26, 4, 18, 29, 0, 0
29, 4, 18, 18, 0, 0
37, 4, 18, 68, 0, 0
18, 4, 19, 78, 0, 0
19, 4, 19, 64, 0, 0
20, 4, 19, 71, 0, 0
25, 4, 19, 61, 0, 0
26, 4, 19, 44, 0, 0
29, 4, 19, 39, 0, 0
30, 4, 19, 66, 0, 0
35, 4, 19, 73, 0, 0
36, 4, 19, 68, 0, 0
37, 4, 19, 68, 0, 0
19, 4, 20, 64, 0, 0
20, 4, 20, 59, 0, 0
21, 4, 20, 69, 0, 0
22, 4, 20, 69, 0, 0
23, 4, 20, 71, 0, 0
24, 4, 20, 59, 0, 0
25, 4, 20, 59, 0, 0
30, 4, 20, 66, 0, 0
31, 4, 20, 63, 0, 0
32, 4, 20, 63, 0, 0
33, 4, 20, 69, 0, 0
34, 4, 20, 69, 0, 0
35, 4, 20, 61, 0, 0
36, 4, 20, 74, 0, 0
21, 4, 21, 51, 0, 0
22, 4, 21, 59, 0, 0
23, 4, 21, 63, 0, 0
24, 4, 21, 63, 0, 0
31, 4, 21, 49, 0, 0
32, 4, 21, 49, 0, 0
33, 4, 21, 56, 0, 0
34, 4, 21, 51, 0, 0
35, 4, 21, 54, 0, 0
20, 5, 8, 81, 0, 0
21, 5, 8, 114, 0, 0
22, 5, 8, 99, 0, 0
23, 5, 8, 86, 0, 0
24, 5, 8, 99, 0, 0
31, 5, 8, 103, 0, 0
32, 5, 8, 86, 0, 0
33, 5, 8, 101, 0, 0
34, 5, 8, 99, 0, 0
35, 5, 8, 83, 0, 0
19, 5, 9, 123, 0, 0
25, 5, 9, 118, 0, 0
26, 5, 9, 204, 68, 0
29, 5, 9, 255, 134, 16
30, 5, 9, 114, 0, 0
36, 5, 9, 114, 0, 0
18, 5, 10, 255, 151, 23
26, 5, 10, 199, 78, 0
29, 5, 10, 221, 104, 1
37, 5, 10, 255, 154, 19
18, 5, 11, 157, 23, 0
26, 5, 11, 78, 0, 0
29, 5, 11, 63, 0, 0
37, 5, 11, 154, 15, 0
18, 5, 12, 51, 0, 0
26, 5, 12, 0, 0, 0
29, 5, 12, 0, 0, 0
37, 5, 12, 89, 0, 0
18, 5, 13, 64, 0, 0
26, 5, 13, 0, 0, 0
29, 5, 13, 0, 0, 0
37, 5, 13, 86, 0, 0
18, 5, 14, 59, 0, 0
26, 5, 14, 0, 0, 0
29, 5, 14, 0, 0, 0
37, 5, 14, 61, 0, 0
18, 5, 15, 48, 0, 0
26, 5, 15, 31, 0, 0
29, 5, 15, 66, 0, 0
37, 5, 15, 73, 0, 0
18, 5, 16, 242, 81, 0
26, 5, 16, 96, 15, 0
29, 5, 16, 174, 61, 0
37, 5, 16, 255, 131, 11
18, 5, 17, 46, 0, 0
26, 5, 17, 63, 0, 0
29, 5, 17, 84, 0, 0
37, 5, 17, 86, 0, 0
19, 5, 18, 89, 0, 0
20, 5, 18, 89, 0, 0
25, 5, 18, 61, 0, 0
30, 5, 18, 98, 0, 0
35, 5, 18, 99, 0, 0
36, 5, 18, 118, 0, 0
21, 5, 19, 54, 0, 0
22, 5, 19, 71, 0, 0
23, 5, 19, 66, 0, 0
24, 5, 19, 58, 0, 0
31, 5, 19, 69, 0, 0
32, 5, 19, 69, 0, 0
33, 5, 19, 76, 0, 0
34, 5, 19, 78, 0, 0
20, 6, 8, 98, 0, 0
21, 6, 8, 99, 0, 0
22, 6, 8, 99, 0, 0
23, 6, 8, 83, 0, 0
24, 6, 8, 81, 0, 0
31, 6, 8, 94, 0, 0
32, 6, 8, 94, 0, 0
33, 6, 8, 93, 0, 0
34, 6, 8, 93, 0, 0
35, 6, 8, 89, 0, 0
19, 6, 9, 99, 0, 0
25, 6, 9, 73, 0, 0
26, 6, 9, 93, 0, 0
30, 6, 9, 124, 0, 0
36, 6, 9, 86, 0, 0
19, 6, 10, 197, 43, 0
26, 6, 10, 93, 0, 0
29, 6, 10, 255, 139, 18
37, 6, 10, 255, 177, 29
18, 6, 11, 162, 11, 0
26, 6, 11, 106, 0, 0
29, 6, 11, 108, 0, 0
37, 6, 11, 214, 56, 0
18, 6, 12, 103, 0, 0
26, 6, 12, 0, 0, 0
29, 6, 12, 26, 0, 0
37, 6, 12, 89, 0, 0
18, 6, 13, 84, 0, 0
26, 6, 13, 15, 0, 0
29, 6, 13, 29, 0, 0
37, 6, 13, 79, 0, 0
18, 6, 14, 61, 0, 0
26, 6, 14, 79, 10, 0
29, 6, 14, 123, 36, 0
37, 6, 14, 84, 0, 0
18, 6, 15, 61, 0, 0
26, 6, 15, 152, 54, 0
29, 6, 15, 142, 49, 0
37, 6, 15, 162, 8, 0
18, 6, 16, 255, 86, 0
26, 6, 16, 144, 36, 0
29, 6, 16, 104, 0, 0
37, 6, 16, 244, 84, 0
18, 6, 17, 46, 0, 0
19, 6, 17, 46, 0, 0
26, 6, 17, 63, 0, 0
29, 6, 17, 68, 0, 0
36, 6, 17, 86, 0, 0
37, 6, 17, 86, 0, 0
20, 6, 18, 31, 0, 0
24, 6, 18, 43, 0, 0
25, 6, 18, 46, 0, 0
30, 6, 18, 98, 0, 0
31, 6, 18, 56, 0, 0
32, 6, 18, 39, 0, 0
33, 6, 18, 38, 0, 0
34, 6, 18, 54, 0, 0
35, 6, 18, 99, 0, 0
21, 6, 19, 54, 0, 0
22, 6, 19, 46, 0, 0
23, 6, 19, 66, 0, 0
21, 7, 8, 86, 0, 0
22, 7, 8, 86, 0, 0
23, 7, 8, 83, 0, 0
31, 7, 8, 94, 0, 0
32, 7, 8, 94, 0, 0
33, 7, 8, 93, 0, 0
34, 7, 8, 93, 0, 0
19, 7, 9, 58, 0, 0
20, 7, 9, 68, 0, 0
24, 7, 9, 81, 0, 0
25, 7, 9, 73, 0, 0
30, 7, 9, 93, 0, 0
35, 7, 9, 78, 0, 0
36, 7, 9, 78, 0, 0
19, 7, 10, 197, 43, 0
26, 7, 10, 151, 21, 0
29, 7, 10, 196, 73, 0
36, 7, 10, 137, 0, 0
18, 7, 11, 162, 11, 0
26, 7, 11, 106, 0, 0
29, 7, 11, 108, 0, 0
37, 7, 11, 214, 56, 0
18, 7, 12, 71, 0, 0
26, 7, 12, 13, 0, 0
29, 7, 12, 16, 0, 0
37, 7, 12, 79, 0, 0
18, 7, 13, 46, 0, 0
26, 7, 13, 84, 0, 0
29, 7, 13, 61, 0, 0
37, 7, 13, 79, 0, 0
18, 7, 14, 46, 0, 0
26, 7, 14, 84, 0, 0
29, 7, 14, 61, 0, 0
37, 7, 14, 61, 0, 0
18, 7, 15, 61, 0, 0
26, 7, 15, 184, 73, 0
29, 7, 15, 142, 49, 0
37, 7, 15, 162, 8, 0
19, 7, 16, 152, 0, 0
26, 7, 16, 89, 0, 0
29, 7, 16, 104, 0, 0
37, 7, 16, 244, 84, 0
19, 7, 17, 38, 0, 0
25, 7, 17, 58, 0, 0
26, 7, 17, 49, 0, 0
29, 7, 17, 104, 0, 0
30, 7, 17, 69, 0, 0
36, 7, 17, 56, 0, 0
37, 7, 17, 244, 84, 0
20, 7, 18, 31, 0, 0
21, 7, 18, 38, 0, 0
22, 7, 18, 38, 0, 0
23, 7, 18, 33, 0, 0
24, 7, 18, 36, 0, 0
31, 7, 18, 56, 0, 0
32, 7, 18, 41, 0, 0
33, 7, 18, 38, 0, 0
34, 7, 18, 44, 0, 0
35, 7, 18, 44, 0, 0
21, 8, 8, 71, 0, 0
22, 8, 8, 76, 0, 0
23, 8, 8, 78, 0, 0
32, 8, 8, 84, 0, 0
33, 8, 8, 89, 0, 0
34, 8, 8, 73, 0, 0
19, 8, 9, 39, 0, 0
20, 8, 9, 43, 0, 0
24, 8, 9, 79, 0, 0
25, 8, 9, 74, 0, 0
30, 8, 9, 74, 0, 0
31, 8, 9, 84, 0, 0
35, 8, 9, 71, 0, 0
36, 8, 9, 63, 0, 0
19, 8, 10, 116, 0, 0
26, 8, 10, 86, 0, 0
29, 8, 10, 196, 73, 0
36, 8, 10, 96, 0, 0
18, 8, 11, 249, 103, 0
26, 8, 11, 73, 0, 0
29, 8, 11, 48, 0, 0
37, 8, 11, 89, 0, 0
18, 8, 12, 78, 0, 0
26, 8, 12, 13, 0, 0
29, 8, 12, 33, 0, 0
37, 8, 12, 89, 0, 0
18, 8, 13, 58, 0, 0
26, 8, 13, 16, 0, 0
29, 8, 13, 24, 0, 0
37, 8, 13, 61, 0, 0
18, 8, 14, 36, 0, 0
26, 8, 14, 59, 0, 0
29, 8, 14, 24, 0, 0
37, 8, 14, 63, 0, 0
19, 8, 15, 79, 0, 0
26, 8, 15, 59, 0, 0
29, 8, 15, 39, 0, 0
37, 8, 15, 63, 0, 0
19, 8, 16, 93, 0, 0
26, 8, 16, 58, 0, 0
29, 8, 16, 54, 0, 0
36, 8, 16, 113, 0, 0
19, 8, 17, 44, 0, 0
25, 8, 17, 53, 0, 0
26, 8, 17, 41, 0, 0
29, 8, 17, 61, 0, 0
30, 8, 17, 59, 0, 0
36, 8, 17, 41, 0, 0
20, 8, 18, 34, 0, 0
21, 8, 18, 31, 0, 0
22, 8, 18, 33, 0, 0
23, 8, 18, 33, 0, 0
24, 8, 18, 44, 0, 0
31, 8, 18, 61, 0, 0
32, 8, 18, 49, 0, 0
33, 8, 18, 33, 0, 0
34, 8, 18, 39, 0, 0
35, 8, 18, 41, 0, 0
20, 9, 9, 43, 0, 0
21, 9, 9, 59, 0, 0
22, 9, 9, 81, 0, 0
23, 9, 9, 83, 0, 0
24, 9, 9, 73, 0, 0
25, 9, 9, 61, 0, 0
30, 9, 9, 69, 0, 0
31, 9, 9, 79, 0, 0
32, 9, 9, 74, 0, 0
33, 9, 9, 74, 0, 0
34, 9, 9, 66, 0, 0
35, 9, 9, 69, 0, 0
19, 9, 10, 99, 0, 0
26, 9, 10, 34, 0, 0
29, 9, 10, 66, 0, 0
36, 9, 10, 78, 0, 0
19, 9, 11, 113, 0, 0
26, 9, 11, 26, 0, 0
29, 9, 11, 48, 0, 0
36, 9, 11, 114, 0, 0
19, 9, 12, 86, 0, 0
26, 9, 12, 13, 0, 0
29, 9, 12, 33, 0, 0
36, 9, 12, 58, 0, 0
19, 9, 13, 66, 0, 0
26, 9, 13, 13, 0, 0
29, 9, 13, 24, 0, 0
36, 9, 13, 58, 0, 0
19, 9, 14, 66, 0, 0
26, 9, 14, 13, 0, 0
29, 9, 14, 24, 0, 0
36, 9, 14, 59, 0, 0
19, 9, 15, 79, 0, 0
26, 9, 15, 28, 0, 0
29, 9, 15, 39, 0, 0
36, 9, 15, 93, 0, 0
19, 9, 16, 76, 0, 0
26, 9, 16, 29, 0, 0
29, 9, 16, 28, 0, 0
36, 9, 16, 73, 0, 0
19, 9, 17, 74, 0, 0
25, 9, 17, 63, 0, 0
30, 9, 17, 59, 0, 0
36, 9, 17, 48, 0, 0
20, 9, 18, 44, 0, 0
21, 9, 18, 38, 0, 0
22, 9, 18, 33, 0, 0
23, 9, 18, 39, 0, 0
24, 9, 18, 58, 0, 0
31, 9, 18, 38, 0, 0
32, 9, 18, 44, 0, 0
33, 9, 18, 41, 0, 0
34, 9, 18, 31, 0, 0
35, 9, 18, 29, 0, 0
20, 10, 9, 43, 0, 0
21, 10, 9, 54, 0, 0
22, 10, 9, 81, 0, 0
23, 10, 9, 81, 0, 0
24, 10, 9, 71, 0, 0
31, 10, 9, 79, 0, 0
32, 10, 9, 76, 0, 0
33, 10, 9, 74, 0, 0
34, 10, 9, 73, 0, 0
35, 10, 9, 69, 0, 0
19, 10, 10, 98, 0, 0
25, 10, 10, 41, 0, 0
26, 10, 10, 34, 0, 0
30, 10, 10, 58, 0, 0
36, 10, 10, 59, 0, 0
19, 10, 11, 98, 0, 0
26, 10, 11, 34, 0, 0
30, 10, 11, 38, 0, 0
36, 10, 11, 74, 0, 0
19, 10, 12, 93, 0, 0
26, 10, 12, 18, 0, 0
30, 10, 12, 34, 0, 0
36, 10, 12, 69, 0, 0
19, 10, 13, 101, 0, 0
26, 10, 13, 18, 0, 0
30, 10, 13, 34, 0, 0
36, 10, 13, 61, 0, 0
19, 10, 14, 93, 0, 0
26, 10, 14, 13, 0, 0
30, 10, 14, 13, 0, 0
36, 10, 14, 49, 0, 0
19, 10, 15, 61, 0, 0
26, 10, 15, 13, 0, 0
30, 10, 15, 0, 0, 0
36, 10, 15, 53, 0, 0
19, 10, 16, 68, 0, 0
26, 10, 16, 23, 0, 0
30, 10, 16, 6, 0, 0
36, 10, 16, 53, 0, 0
19, 10, 17, 94, 0, 0
25, 10, 17, 78, 0, 0
30, 10, 17, 73, 0, 0
36, 10, 17, 51, 0, 0
20, 10, 18, 51, 0, 0
21, 10, 18, 51, 0, 0
22, 10, 18, 38, 0, 0
23, 10, 18, 51, 0, 0
24, 10, 18, 68, 0, 0
31, 10, 18, 48, 0, 0
32, 10, 18, 49, 0, 0
33, 10, 18, 48, 0, 0
34, 10, 18, 41, 0, 0
35, 10, 18, 41, 0, 0
21, 11, 9, 54, 0, 0
22, 11, 9, 81, 0, 0
23, 11, 9, 66, 0, 0
24, 11, 9, 71, 0, 0
31, 11, 9, 78, 0, 0
32, 11, 9, 71, 0, 0
33, 11, 9, 73, 0, 0
34, 11, 9, 71, 0, 0
19, 11, 10, 94, 0, 0
20, 11, 10, 36, 0, 0
25, 11, 10, 43, 0, 0
30, 11, 10, 54, 0, 0
35, 11, 10, 73, 0, 0
36, 11, 10, 59, 0, 0
19, 11, 11, 94, 0, 0
25, 11, 11, 26, 0, 0
30, 11, 11, 29, 0, 0
36, 11, 11, 83, 0, 0
19, 11, 12, 89, 0, 0
25, 11, 12, 26, 0, 0
30, 11, 12, 33, 0, 0
36, 11, 12, 73, 0, 0
19, 11, 13, 93, 0, 0
25, 11, 13, 18, 0, 0
30, 11, 13, 34, 0, 0
36, 11, 13, 61, 0, 0
19, 11, 14, 98, 0, 0
25, 11, 14, 23, 0, 0
30, 11, 14, 6, 0, 0
36, 11, 14, 48, 0, 0
19, 11, 15, 91, 0, 0
25, 11, 15, 23, 0, 0
30, 11, 15, 0, 0, 0
36, 11, 15, 46, 0, 0
19, 11, 16, 83, 0, 0
25, 11, 16, 36, 0, 0
30, 11, 16, 1, 0, 0
36, 11, 16, 49, 0, 0
19, 11, 17, 96, 0, 0
20, 11, 17, 86, 0, 0
25, 11, 17, 79, 0, 0
30, 11, 17, 76, 0, 0
35, 11, 17, 63, 0, 0
36, 11, 17, 63, 0, 0
21, 11, 18, 76, 0, 0
22, 11, 18, 54, 0, 0
23, 11, 18, 83, 0, 0
24, 11, 18, 83, 0, 0
31, 11, 18, 43, 0, 0
32, 11, 18, 43, 0, 0
33, 11, 18, 54, 0, 0
34, 11, 18, 59, 0, 0
21, 12, 9, 101, 0, 0
22, 12, 9, 76, 0, 0
23, 12, 9, 74, 0, 0
32, 12, 9, 68, 0, 0
33, 12, 9, 66, 0, 0
34, 12, 9, 68, 0, 0
19, 12, 10, 84, 0, 0
20, 12, 10, 41, 0, 0
24, 12, 10, 61, 0, 0
25, 12, 10, 36, 0, 0
30, 12, 10, 54, 0, 0
31, 12, 10, 63, 0, 0
35, 12, 10, 78, 0, 0
36, 12, 10, 58, 0, 0
19, 12, 11, 84, 0, 0
25, 12, 11, 36, 0, 0
30, 12, 11, 21, 0, 0
36, 12, 11, 88, 0, 0
19, 12, 12, 98, 0, 0
25, 12, 12, 26, 0, 0
30, 12, 12, 18, 0, 0
36, 12, 12, 81, 0, 0
19, 12, 13, 96, 0, 0
25, 12, 13, 26, 0, 0
30, 12, 13, 18, 0, 0
36, 12, 13, 63, 0, 0
19, 12, 14, 96, 0, 0
25, 12, 14, 16, 0, 0
30, 12, 14, 0, 0, 0
36, 12, 14, 54, 0, 0
19, 12, 15, 91, 0, 0
25, 12, 15, 15, 0, 0
30, 12, 15, 0, 0, 0
36, 12, 15, 51, 0, 0
19, 12, 16, 83, 0, 0
25, 12, 16, 36, 0, 0
30, 12, 16, 1, 0, 0
36, 12, 16, 49, 0, 0
19, 12, 17, 68, 0, 0
20, 12, 17, 86, 0, 0
25, 12, 17, 68, 0, 0
30, 12, 17, 69, 0, 0
31, 12, 17, 56, 0, 0
35, 12, 17, 63, 0, 0
36, 12, 17, 39, 0, 0
21, 12, 18, 76, 0, 0
22, 12, 18, 54, 0, 0
23, 12, 18, 83, 0, 0
24, 12, 18, 63, 0, 0
32, 12, 18, 43, 0, 0
33, 12, 18, 56, 0, 0
34, 12, 18, 59, 0, 0
19, 13, 10, 46, 0, 0
20, 13, 10, 103, 0, 0
21, 13, 10, 76, 0, 0
22, 13, 10, 83, 3, 0
23, 13, 10, 83, 1, 0
24, 13, 10, 59, 0, 0
25, 13, 10, 54, 0, 0
30, 13, 10, 46, 0, 0
31, 13, 10, 66, 0, 0
32, 13, 10, 68, 0, 0
33, 13, 10, 68, 0, 0
34, 13, 10, 79, 0, 0
35, 13, 10, 84, 0, 0
36, 13, 10, 59, 0, 0
19, 13, 11, 76, 0, 0
25, 13, 11, 36, 0, 0
30, 13, 11, 46, 0, 0
36, 13, 11, 71, 0, 0
19, 13, 12, 96, 0, 0
25, 13, 12, 34, 0, 0
30, 13, 12, 13, 0, 0
36, 13, 12, 74, 0, 0
19, 13, 13, 108, 0, 0
25, 13, 13, 21, 0, 0
30, 13, 13, 10, 0, 0
36, 13, 13, 83, 0, 0
19, 13, 14, 103, 0, 0
25, 13, 14, 21, 0, 0
30, 13, 14, 0, 0, 0
36, 13, 14, 83, 0, 0
19, 13, 15, 91, 0, 0
25, 13, 15, 8, 0, 0
30, 13, 15, 0, 0, 0
36, 13, 15, 69, 0, 0
19, 13, 16, 71, 0, 0
25, 13, 16, 5, 0, 0
30, 13, 16, 0, 0, 0
36, 13, 16, 64, 0, 0
19, 13, 17, 59, 0, 0
25, 13, 17, 43, 0, 0
30, 13, 17, 149, 26, 0
36, 13, 17, 159, 1, 0
19, 13, 18, 84, 0, 0
20, 13, 18, 51, 0, 0
25, 13, 18, 43, 0, 0
30, 13, 18, 149, 26, 0
31, 13, 18, 149, 26, 0
35, 13, 18, 255, 128, 8
36, 13, 18, 255, 159, 23
20, 13, 19, 69, 0, 0
21, 13, 19, 61, 0, 0
22, 13, 19, 66, 0, 0
23, 13, 19, 66, 0, 0
24, 13, 19, 74, 0, 0
31, 13, 19, 255, 113, 0
32, 13, 19, 255, 121, 0
33, 13, 19, 255, 121, 0
34, 13, 19, 255, 99, 0
35, 13, 19, 255, 98, 0
20, 14, 10, 103, 0, 0
21, 14, 10, 129, 10, 0
22, 14, 10, 83, 3, 0
23, 14, 10, 83, 1, 0
24, 14, 10, 109, 0, 0
25, 14, 10, 88, 0, 0
30, 14, 10, 53, 0, 0
31, 14, 10, 54, 0, 0
32, 14, 10, 76, 29, 8
33, 14, 10, 61, 0, 0
34, 14, 10, 69, 0, 0
35, 14, 10, 81, 0, 0
36, 14, 10, 89, 0, 0
19, 14, 11, 114, 0, 0
25, 14, 11, 89, 0, 0
30, 14, 11, 18, 0, 0
36, 14, 11, 71, 0, 0
19, 14, 12, 147, 0, 0
25, 14, 12, 34, 0, 0
30, 14, 12, 16, 0, 0
36, 14, 12, 74, 0, 0
19, 14, 13, 134, 0, 0
25, 14, 13, 16, 0, 0
30, 14, 13, 0, 0, 0
36, 14, 13, 58, 0, 0
19, 14, 14, 93, 0, 0
25, 14, 14, 18, 0, 0
30, 14, 14, 0, 0, 0
36, 14, 14, 66, 0, 0
19, 14, 15, 54, 0, 0
25, 14, 15, 3, 0, 0
30, 14, 15, 0, 0, 0
36, 14, 15, 91, 0, 0
19, 14, 16, 51, 0, 0
25, 14, 16, 0, 0, 0
30, 14, 16, 0, 0, 0
36, 14, 16, 83, 0, 0
19, 14, 17, 83, 0, 0
25, 14, 17, 48, 0, 0
30, 14, 17, 207, 89, 0
36, 14, 17, 197, 43, 0
19, 14, 18, 83, 0, 0
25, 14, 18, 59, 0, 0
27, 14, 18, 0, 0, 0
28, 14, 18, 0, 0, 0
30, 14, 18, 255, 142, 15
36, 14, 18, 255, 121, 1
20, 14, 19, 83, 0, 0
21, 14, 19, 106, 0, 0
22, 14, 19, 126, 31, 0
23, 14, 19, 126, 31, 0
24, 14, 19, 59, 0, 0
25, 14, 19, 59, 0, 0
30, 14, 19, 255, 142, 15
31, 14, 19, 255, 142, 15
32, 14, 19, 172, 58, 0
33, 14, 19, 18, 0, 0
34, 14, 19, 18, 0, 0
35, 14, 19, 255, 121, 1
22, 15, 10, 79, 46, 21
23, 15, 10, 79, 46, 21
32, 15, 10, 81, 46, 19
33, 15, 10, 81, 46, 19
34, 15, 10, 61, 31, 8
20, 15, 11, 104, 58, 31
21, 15, 11, 84, 51, 24
24, 15, 11, 43, 19, 0
31, 15, 11, 71, 33, 8
35, 15, 11, 79, 51, 26
20, 15, 12, 93, 59, 31
25, 15, 12, 13, 0, 0
30, 15, 12, 34, 8, 0
35, 15, 12, 83, 53, 26
20, 15, 13, 81, 48, 21
25, 15, 13, 29, 0, 0
30, 15, 13, 28, 0, 0
35, 15, 13, 71, 43, 18
20, 15, 14, 108, 31, 0
25, 15, 14, 6, 0, 0
30, 15, 14, 1, 0, 0
36, 15, 14, 39, 0, 0
19, 15, 15, 76, 0, 0
25, 15, 15, 3, 0, 0
30, 15, 15, 0, 0, 0
36, 15, 15, 51, 0, 0
19, 15, 16, 76, 0, 0
25, 15, 16, 3, 0, 0
30, 15, 16, 0, 0, 0
36, 15, 16, 51, 0, 0
19, 15, 17, 83, 0, 0
26, 15, 17, 54, 0, 0
29, 15, 17, 254, 131, 13
36, 15, 17, 255, 154, 21
19, 15, 18, 83, 0, 0
26, 15, 18, 54, 0, 0
27, 15, 18, 0, 0, 0
28, 15, 18, 0, 0, 0
29, 15, 18, 255, 139, 15
36, 15, 18, 255, 147, 13
19, 15, 19, 98, 0, 0
20, 15, 19, 106, 0, 0
24, 15, 19, 91, 0, 0
25, 15, 19, 43, 0, 0
30, 15, 19, 255, 109, 0
31, 15, 19, 255, 134, 6
35, 15, 19, 134, 19, 0
36, 15, 19, 255, 128, 0
21, 15, 20, 118, 18, 0
22, 15, 20, 169, 69, 0
23, 15, 20, 169, 69, 0
32, 15, 20, 222, 167, 15
33, 15, 20, 39, 31, 0
34, 15, 20, 34, 0, 0
21, 16, 11, 71, 43, 18
22, 16, 11, 64, 38, 13
23, 16, 11, 38, 18, 0
24, 16, 11, 58, 0, 0
31, 16, 11, 68, 0, 0
32, 16, 11, 79, 44, 18
33, 16, 11, 88, 46, 19
34, 16, 11, 76, 41, 16
20, 16, 12, 68, 29, 0
25, 16, 12, 58, 0, 0
30, 16, 12, 83, 0, 0
35, 16, 12, 88, 43, 8
19, 16, 13, 101, 0, 0
26, 16, 13, 6, 0, 0
30, 16, 13, 54, 0, 0
36, 16, 13, 78, 0, 0
19, 16, 14, 101, 0, 0
26, 16, 14, 10, 0, 0
29, 16, 14, 0, 0, 0
36, 16, 14, 78, 0, 0
20, 16, 15, 61, 23, 0
25, 16, 15, 0, 0, 0
30, 16, 15, 0, 0, 0
35, 16, 15, 58, 23, 0
20, 16, 16, 118, 0, 0
25, 16, 16, 0, 0, 0
31, 16, 16, 0, 0, 0
35, 16, 16, 1, 0, 0
19, 16, 17, 83, 0, 0
26, 16, 17, 71, 0, 0
29, 16, 17, 252, 131, 13
30, 16, 17, 227, 111, 5
36, 16, 17, 255, 154, 21
19, 16, 18, 83, 0, 0
26, 16, 18, 0, 0, 0
27, 16, 18, 0, 0, 0
28, 16, 18, 0, 0, 0
29, 16, 18, 0, 0, 0
36, 16, 18, 255, 147, 13
20, 16, 19, 94, 0, 0
21, 16, 19, 119, 18, 0
22, 16, 19, 169, 69, 0
23, 16, 19, 169, 69, 0
24, 16, 19, 51, 0, 0
25, 16, 19, 51, 0, 0
30, 16, 19, 255, 134, 11
31, 16, 19, 255, 134, 11
32, 16, 19, 222, 167, 15
33, 16, 19, 222, 167, 15
34, 16, 19, 79, 5, 0
35, 16, 19, 255, 103, 0
36, 16, 19, 255, 103, 0
22, 17, 10, 124, 0, 0
23, 17, 10, 124, 0, 0
24, 17, 10, 86, 0, 0
31, 17, 10, 54, 0, 0
32, 17, 10, 98, 0, 0
33, 17, 10, 98, 0, 0
21, 17, 11, 71, 0, 0
25, 17, 11, 39, 0, 0
30, 17, 11, 53, 0, 0
34, 17, 11, 64, 0, 0
20, 17, 12, 101, 0, 0
26, 17, 12, 46, 0, 0
29, 17, 12, 53, 0, 0
35, 17, 12, 64, 0, 0
19, 17, 13, 101, 0, 0
26, 17, 13, 23, 0, 0
29, 17, 13, 39, 0, 0
36, 17, 13, 78, 0, 0
19, 17, 14, 101, 0, 0
26, 17, 14, 10, 0, 0
29, 17, 14, 0, 0, 0
36, 17, 14, 78, 0, 0
20, 17, 15, 61, 0, 0
26, 17, 15, 0, 0, 0
29, 17, 15, 5, 0, 0
36, 17, 15, 76, 0, 0
20, 17, 16, 84, 0, 0
25, 17, 16, 0, 0, 0
30, 17, 16, 0, 0, 0
35, 17, 16, 73, 0, 0
19, 17, 17, 71, 0, 0
25, 17, 17, 43, 0, 0
30, 17, 17, 227, 111, 5
36, 17, 17, 255, 142, 15
19, 17, 18, 71, 0, 0
26, 17, 18, 0, 0, 0
27, 17, 18, 0, 0, 0
28, 17, 18, 0, 0, 0
29, 17, 18, 0, 0, 0
36, 17, 18, 255, 159, 23
20, 17, 19, 74, 0, 0
21, 17, 19, 119, 18, 0
22, 17, 19, 89, 0, 0
23, 17, 19, 89, 0, 0
24, 17, 19, 63, 0, 0
25, 17, 19, 44, 0, 0
30, 17, 19, 255, 134, 11
31, 17, 19, 255, 118, 0
32, 17, 19, 255, 141, 1
33, 17, 19, 255, 141, 1
34, 17, 19, 255, 98, 0
35, 17, 19, 255, 118, 0
21, 18, 10, 113, 0, 0
22, 18, 10, 124, 0, 0
23, 18, 10, 124, 0, 0
24, 18, 10, 94, 0, 0
25, 18, 10, 46, 0, 0
30, 18, 10, 91, 0, 0
31, 18, 10, 114, 0, 0
32, 18, 10, 98, 0, 0
33, 18, 10, 98, 0, 0
34, 18, 10, 129, 0, 0
20, 18, 11, 186, 34, 0
25, 18, 11, 46, 0, 0
30, 18, 11, 91, 0, 0
35, 18, 11, 144, 18, 0
19, 18, 12, 172, 24, 0
26, 18, 12, 49, 0, 0
29, 18, 12, 68, 0, 0
36, 18, 12, 88, 0, 0
19, 18, 13, 106, 0, 0
26, 18, 13, 23, 0, 0
29, 18, 13, 5, 0, 0
36, 18, 13, 91, 0, 0
19, 18, 14, 66, 0, 0
26, 18, 14, 0, 0, 0
29, 18, 14, 0, 0, 0
36, 18, 14, 79, 0, 0
19, 18, 15, 98, 0, 0
26, 18, 15, 0, 0, 0
29, 18, 15, 0, 0, 0
36, 18, 15, 76, 0, 0
20, 18, 16, 56, 0, 0
26, 18, 16, 0, 0, 0
29, 18, 16, 0, 0, 0
35, 18, 16, 34, 0, 0
20, 18, 17, 68, 0, 0
25, 18, 17, 41, 0, 0
30, 18, 17, 64, 0, 0
35, 18, 17, 189, 59, 0
20, 18, 18, 68, 0, 0
24, 18, 18, 41, 0, 0
25, 18, 18, 0, 0, 0
26, 18, 18, 0, 0, 0
27, 18, 18, 0, 0, 0
28, 18, 18, 0, 0, 0
29, 18, 18, 0, 0, 0
30, 18, 18, 0, 0, 0
31, 18, 18, 242, 109, 1
35, 18, 18, 255, 124, 6
21, 18, 19, 63, 0, 0
22, 18, 19, 89, 0, 0
23, 18, 19, 89, 0, 0
32, 18, 19, 255, 141, 1
33, 18, 19, 255, 141, 1
34, 18, 19, 255, 139, 11
21, 19, 10, 103, 0, 0
22, 19, 10, 147, 0, 0
23, 19, 10, 146, 0, 0
24, 19, 10, 94, 0, 0
25, 19, 10, 46, 0, 0
30, 19, 10, 91, 0, 0
31, 19, 10, 79, 0, 0
32, 19, 10, 108, 0, 0
33, 19, 10, 58, 0, 0
34, 19, 10, 56, 0, 0
20, 19, 11, 109, 0, 0
26, 19, 11, 21, 0, 0
29, 19, 11, 68, 0, 0
35, 19, 11, 66, 0, 0
19, 19, 12, 78, 0, 0
26, 19, 12, 6, 0, 0
29, 19, 12, 43, 0, 0
36, 19, 12, 88, 0, 0
19, 19, 13, 58, 0, 0
27, 19, 13, 0, 0, 0
28, 19, 13, 0, 0, 0
36, 19, 13, 91, 0, 0
19, 19, 14, 41, 0, 0
27, 19, 14, 0, 0, 0
28, 19, 14, 0, 0, 0
36, 19, 14, 79, 0, 0
19, 19, 15, 43, 0, 0
27, 19, 15, 0, 0, 0
28, 19, 15, 0, 0, 0
36, 19, 15, 88, 0, 0
20, 19, 16, 81, 0, 0
26, 19, 16, 0, 0, 0
29, 19, 16, 0, 0, 0
35, 19, 16, 124, 0, 0
20, 19, 17, 51, 0, 0
25, 19, 17, 24, 0, 0
30, 19, 17, 16, 0, 0
35, 19, 17, 86, 0, 0
21, 19, 18, 149, 8, 0
22, 19, 18, 69, 0, 0
23, 19, 18, 69, 0, 0
24, 19, 18, 69, 0, 0
25, 19, 18, 0, 0, 0
26, 19, 18, 0, 0, 0
27, 19, 18, 0, 0, 0
28, 19, 18, 0, 0, 0
29, 19, 18, 0, 0, 0
30, 19, 18, 0, 0, 0
31, 19, 18, 68, 0, 0
32, 19, 18, 58, 0, 0
33, 19, 18, 58, 0, 0
34, 19, 18, 124, 0, 0
23, 20, 9, 76, 0, 0
24, 20, 9, 81, 0, 0
31, 20, 9, 86, 0, 0
32, 20, 9, 43, 0, 0
21, 20, 10, 73, 0, 0
22, 20, 10, 73, 0, 0
25, 20, 10, 66, 0, 0
26, 20, 10, 44, 0, 0
29, 20, 10, 76, 0, 0
30, 20, 10, 76, 0, 0
33, 20, 10, 58, 0, 0
34, 20, 10, 56, 0, 0
20, 20, 11, 81, 0, 0
26, 20, 11, 21, 0, 0
29, 20, 11, 51, 0, 0
35, 20, 11, 36, 0, 0
19, 20, 12, 81, 0, 0
27, 20, 12, 16, 0, 0
28, 20, 12, 21, 0, 0
36, 20, 12, 39, 0, 0
19, 20, 13, 56, 0, 0
36, 20, 13, 48, 0, 0
19, 20, 14, 34, 0, 0
36, 20, 14, 48, 0, 0
19, 20, 15, 43, 0, 0
36, 20, 15, 88, 0, 0
20, 20, 16, 41, 0, 0
27, 20, 16, 0, 0, 0
28, 20, 16, 0, 0, 0
29, 20, 16, 0, 0, 0
35, 20, 16, 83, 0, 0
20, 20, 17, 33, 0, 0
26, 20, 17, 0, 0, 0
30, 20, 17, 0, 0, 0
35, 20, 17, 73, 0, 0
21, 20, 18, 54, 0, 0
22, 20, 18, 69, 0, 0
23, 20, 18, 69, 0, 0
24, 20, 18, 69, 0, 0
25, 20, 18, 0, 0, 0
26, 20, 18, 0, 0, 0
27, 20, 18, 0, 0, 0
28, 20, 18, 0, 0, 0
29, 20, 18, 0, 0, 0
30, 20, 18, 0, 0, 0
31, 20, 18, 49, 0, 0
32, 20, 18, 58, 0, 0
33, 20, 18, 58, 0, 0
34, 20, 18, 48, 0, 0
22, 21, 9, 94, 0, 0
23, 21, 9, 74, 0, 0
24, 21, 9, 86, 0, 0
31, 21, 9, 71, 0, 0
32, 21, 9, 43, 0, 0
33, 21, 9, 43, 0, 0
21, 21, 10, 66, 0, 0
25, 21, 10, 66, 0, 0
26, 21, 10, 66, 0, 0
29, 21, 10, 41, 0, 0
30, 21, 10, 76, 0, 0
34, 21, 10, 46, 0, 0
20, 21, 11, 93, 0, 0
27, 21, 11, 18, 0, 0
28, 21, 11, 24, 0, 0
35, 21, 11, 38, 0, 0
20, 21, 12, 96, 0, 0
35, 21, 12, 41, 0, 0
19, 21, 13, 56, 0, 0
36, 21, 13, 44, 0, 0
19, 21, 14, 36, 0, 0
36, 21, 14, 49, 0, 0
19, 21, 15, 34, 0, 0
36, 21, 15, 59, 0, 0
20, 21, 16, 38, 0, 0
27, 21, 16, 0, 0, 0
28, 21, 16, 0, 0, 0
35, 21, 16, 66, 0, 0
20, 21, 17, 31, 0, 0
21, 21, 17, 34, 0, 0
26, 21, 17, 0, 0, 0
29, 21, 17, 0, 0, 0
34, 21, 17, 66, 0, 0
35, 21, 17, 76, 0, 0
22, 21, 18, 34, 0, 0
23, 21, 18, 38, 0, 0
24, 21, 18, 53, 0, 0
25, 21, 18, 0, 0, 0
26, 21, 18, 0, 0, 0
27, 21, 18, 0, 0, 0
28, 21, 18, 0, 0, 0
29, 21, 18, 0, 0, 0
30, 21, 18, 0, 0, 0
31, 21, 18, 44, 0, 0
32, 21, 18, 63, 0, 0
33, 21, 18, 59, 0, 0
22, 22, 9, 104, 0, 0
23, 22, 9, 86, 0, 0
24, 22, 9, 86, 0, 0
25, 22, 9, 63, 0, 0
30, 22, 9, 41, 0, 0
31, 22, 9, 49, 0, 0
32, 22, 9, 49, 0, 0
33, 22, 9, 49, 0, 0
21, 22, 10, 54, 0, 0
26, 22, 10, 19, 0, 0
27, 22, 10, 0, 0, 0
29, 22, 10, 41, 0, 0
34, 22, 10, 46, 0, 0
20, 22, 11, 78, 0, 0
28, 22, 11, 24, 0, 0
35, 22, 11, 38, 0, 0
20, 22, 12, 79, 0, 0
35, 22, 12, 49, 0, 0
19, 22, 13, 61, 0, 0
36, 22, 13, 49, 0, 0
19, 22, 14, 48, 0, 0
36, 22, 14, 48, 0, 0
19, 22, 15, 44, 0, 0
36, 22, 15, 54, 0, 0
20, 22, 16, 39, 0, 0
27, 22, 16, 0, 0, 0
28, 22, 16, 0, 0, 0
35, 22, 16, 66, 0, 0
21, 22, 17, 34, 0, 0
26, 22, 17, 0, 0, 0
29, 22, 17, 0, 0, 0
34, 22, 17, 66, 0, 0
35, 22, 17, 74, 0, 0
22, 22, 18, 36, 0, 0
23, 22, 18, 38, 0, 0
24, 22, 18, 0, 0, 0
25, 22, 18, 15, 0, 0
26, 22, 18, 0, 0, 0
27, 22, 18, 0, 0, 0
28, 22, 18, 0, 0, 0
29, 22, 18, 0, 0, 0
30, 22, 18, 0, 0, 0
31, 22, 18, 54, 0, 0
32, 22, 18, 68, 0, 0
33, 22, 18, 73, 0, 0
26, 23, 7, 68, 0, 0
27, 23, 7, 101, 0, 0
28, 23, 7, 93, 0, 0
29, 23, 7, 93, 0, 0
24, 23, 8, 169, 21, 0
25, 23, 8, 189, 44, 0
26, 23, 8, 44, 0, 0
27, 23, 8, 128, 41, 0
28, 23, 8, 103, 19, 0
29, 23, 8, 51, 0, 0
30, 23, 8, 51, 0, 0
31, 23, 8, 139, 8, 0
22, 23, 9, 93, 0, 0
23, 23, 9, 78, 0, 0
26, 23, 9, 44, 0, 0
29, 23, 9, 74, 0, 0
32, 23, 9, 49, 0, 0
33, 23, 9, 49, 0, 0
21, 23, 10, 46, 0, 0
26, 23, 10, 15, 0, 0
29, 23, 10, 6, 0, 0
34, 23, 10, 58, 0, 0
20, 23, 11, 54, 0, 0
27, 23, 11, 10, 0, 0
28, 23, 11, 10, 0, 0
35, 23, 11, 46, 0, 0
20, 23, 12, 54, 0, 0
35, 23, 12, 49, 0, 0
20, 23, 13, 68, 0, 0
36, 23, 13, 48, 0, 0
19, 23, 14, 49, 0, 0
36, 23, 14, 48, 0, 0
20, 23, 15, 51, 0, 0
36, 23, 15, 54, 0, 0
20, 23, 16, 39, 0, 0
27, 23, 16, 0, 0, 0
28, 23, 16, 0, 0, 0
35, 23, 16, 64, 0, 0
21, 23, 17, 39, 0, 0
26, 23, 17, 0, 0, 0
29, 23, 17, 0, 0, 0
34, 23, 17, 68, 0, 0
22, 23, 18, 41, 0, 0
23, 23, 18, 53, 0, 0
24, 23, 18, 61, 0, 0
25, 23, 18, 0, 0, 0
27, 23, 18, 0, 0, 0
28, 23, 18, 0, 0, 0
30, 23, 18, 0, 0, 0
31, 23, 18, 54, 0, 0
32, 23, 18, 54, 0, 0
33, 23, 18, 73, 0, 0
26, 23, 19, 221, 89, 0
27, 23, 19, 113, 0, 0
28, 23, 19, 113, 0, 0
29, 23, 19, 212, 93, 0
26, 24, 7, 68, 0, 0
27, 24, 7, 46, 0, 0
28, 24, 7, 38, 0, 0
29, 24, 7, 38, 0, 0
24, 24, 8, 91, 0, 0
25, 24, 8, 91, 0, 0
27, 24, 8, 0, 0, 0
28, 24, 8, 0, 0, 0
30, 24, 8, 51, 0, 0
31, 24, 8, 93, 0, 0
22, 24, 9, 88, 0, 0
23, 24, 9, 76, 0, 0
26, 24, 9, 0, 0, 0
29, 24, 9, 0, 0, 0
32, 24, 9, 33, 0, 0
33, 24, 9, 46, 0, 0
21, 24, 10, 61, 0, 0
27, 24, 10, 18, 0, 0
28, 24, 10, 0, 0, 0
34, 24, 10, 58, 0, 0
21, 24, 11, 59, 0, 0
34, 24, 11, 46, 0, 0
20, 24, 12, 54, 0, 0
35, 24, 12, 51, 0, 0
20, 24, 13, 49, 0, 0
35, 24, 13, 58, 0, 0
20, 24, 14, 56, 0, 0
35, 24, 14, 66, 0, 0
20, 24, 15, 84, 0, 0
35, 24, 15, 64, 0, 0
20, 24, 16, 63, 0, 0
35, 24, 16, 66, 0, 0
21, 24, 17, 56, 0, 0
27, 24, 17, 0, 0, 0
28, 24, 17, 0, 0, 0
34, 24, 17, 69, 0, 0
22, 24, 18, 56, 0, 0
23, 24, 18, 54, 0, 0
24, 24, 18, 69, 0, 0
31, 24, 18, 5, 0, 0
32, 24, 18, 56, 0, 0
33, 24, 18, 63, 0, 0
25, 24, 19, 162, 58, 0
30, 24, 19, 123, 36, 0
25, 24, 20, 187, 58, 0
26, 24, 20, 43, 0, 0
27, 24, 20, 43, 0, 0
28, 24, 20, 113, 0, 0
29, 24, 20, 159, 24, 0
30, 24, 20, 244, 109, 1
26, 25, 7, 41, 0, 0
27, 25, 7, 46, 0, 0
28, 25, 7, 44, 0, 0
29, 25, 7, 58, 0, 0
24, 25, 8, 103, 0, 0
25, 25, 8, 49, 0, 0
27, 25, 8, 0, 0, 0
30, 25, 8, 43, 0, 0
31, 25, 8, 101, 0, 0
22, 25, 9, 109, 0, 0
23, 25, 9, 101, 0, 0
26, 25, 9, 0, 0, 0
28, 25, 9, 0, 0, 0
32, 25, 9, 39, 0, 0
33, 25, 9, 53, 0, 0
21, 25, 10, 78, 0, 0
27, 25, 10, 0, 0, 0
34, 25, 10, 56, 0, 0
21, 25, 11, 59, 0, 0
34, 25, 11, 48, 0, 0
20, 25, 12, 43, 0, 0
35, 25, 12, 63, 0, 0
20, 25, 13, 39, 0, 0
35, 25, 13, 56, 0, 0
20, 25, 14, 51, 0, 0
35, 25, 14, 64, 0, 0
20, 25, 15, 88, 0, 0
35, 25, 15, 64, 0, 0
20, 25, 16, 66, 0, 0
35, 25, 16, 74, 0, 0
21, 25, 17, 61, 0, 0
34, 25, 17, 83, 0, 0
22, 25, 18, 59, 0, 0
23, 25, 18, 58, 0, 0
24, 25, 18, 73, 0, 0
31, 25, 18, 5, 0, 0
32, 25, 18, 48, 0, 0
33, 25, 18, 41, 0, 0
25, 25, 19, 0, 0, 0
30, 25, 19, 0, 0, 0
25, 25, 20, 96, 0, 0
26, 25, 20, 16, 0, 0
27, 25, 20, 43, 0, 0
28, 25, 20, 44, 0, 0
29, 25, 20, 104, 0, 0
30, 25, 20, 104, 0, 0
27, 26, 7, 44, 0, 0
28, 26, 7, 49, 0, 0
29, 26, 7, 49, 0, 0
24, 26, 8, 91, 0, 0
25, 26, 8, 49, 0, 0
26, 26, 8, 34, 0, 0
30, 26, 8, 59, 0, 0
31, 26, 8, 74, 0, 0
24, 26, 9, 0, 0, 0
27, 26, 9, 0, 0, 0
31, 26, 9, 0, 0, 0
22, 26, 10, 78, 0, 0
23, 26, 10, 41, 8, 0
32, 26, 10, 34, 11, 0
33, 26, 10, 64, 0, 0
34, 26, 10, 56, 0, 0
21, 26, 11, 83, 0, 0
34, 26, 11, 94, 0, 0
20, 26, 12, 51, 0, 0
35, 26, 12, 66, 0, 0
20, 26, 13, 29, 0, 0
35, 26, 13, 56, 0, 0
20, 26, 14, 39, 0, 0
35, 26, 14, 61, 0, 0
20, 26, 15, 51, 0, 0
35, 26, 15, 56, 0, 0
20, 26, 16, 66, 0, 0
35, 26, 16, 74, 0, 0
21, 26, 17, 61, 0, 0
34, 26, 17, 83, 0, 0
22, 26, 18, 56, 0, 0
23, 26, 18, 51, 0, 0
24, 26, 18, 48, 0, 0
31, 26, 18, 16, 0, 0
32, 26, 18, 38, 0, 0
33, 26, 18, 44, 0, 0
25, 26, 19, 46, 0, 0
30, 26, 19, 0, 0, 0
25, 26, 20, 46, 0, 0
31, 26, 20, 222, 101, 0
25, 26, 21, 182, 39, 0
26, 26, 21, 46, 0, 0
27, 26, 21, 94, 8, 0
28, 26, 21, 108, 8, 0
29, 26, 21, 151, 43, 0
30, 26, 21, 84, 0, 0
27, 27, 7, 53, 0, 0
28, 27, 7, 53, 0, 0
24, 27, 8, 99, 0, 0
25, 27, 8, 66, 0, 0
26, 27, 8, 34, 0, 0
29, 27, 8, 15, 0, 0
30, 27, 8, 74, 0, 0
31, 27, 8, 74, 0, 0
24, 27, 9, 89, 11, 0
31, 27, 9, 98, 19, 0
23, 27, 10, 54, 0, 0
32, 27, 10, 53, 0, 0
22, 27, 11, 36, 13, 0
33, 27, 11, 64, 26, 3
20, 27, 12, 56, 0, 0
21, 27, 12, 51, 0, 0
34, 27, 12, 66, 0, 0
35, 27, 12, 96, 0, 0
20, 27, 13, 41, 0, 0
35, 27, 13, 73, 0, 0
20, 27, 14, 28, 0, 0
35, 27, 14, 46, 0, 0
20, 27, 15, 51, 0, 0
35, 27, 15, 56, 0, 0
20, 27, 16, 46, 0, 0
35, 27, 16, 66, 0, 0
21, 27, 17, 49, 0, 0
34, 27, 17, 68, 0, 0
22, 27, 18, 61, 0, 0
23, 27, 18, 44, 0, 0
24, 27, 18, 44, 0, 0
25, 27, 18, 0, 0, 0
30, 27, 18, 0, 0, 0
31, 27, 18, 16, 0, 0
32, 27, 18, 46, 0, 0
33, 27, 18, 44, 0, 0
26, 27, 19, 0, 0, 0
29, 27, 19, 0, 0, 0
25, 27, 20, 3, 0, 0
30, 27, 20, 6, 0, 0
25, 27, 21, 182, 39, 0
26, 27, 21, 46, 0, 0
27, 27, 21, 94, 8, 0
28, 27, 21, 108, 8, 0
29, 27, 21, 84, 0, 0
30, 27, 21, 84, 0, 0
26, 28, 7, 68, 0, 0
27, 28, 7, 53, 0, 0
28, 28, 7, 53, 0, 0
29, 28, 7, 66, 0, 0
24, 28, 8, 91, 0, 0
25, 28, 8, 69, 0, 0
30, 28, 8, 61, 0, 0
31, 28, 8, 94, 0, 0
24, 28, 9, 89, 11, 0
31, 28, 9, 151, 51, 0
23, 28, 10, 64, 0, 0
32, 28, 10, 71, 10, 0
22, 28, 11, 59, 26, 5
33, 28, 11, 64, 38, 15
21, 28, 12, 41, 21, 0
34, 28, 12, 48, 26, 3
20, 28, 13, 41, 0, 0
35, 28, 13, 73, 0, 0
20, 28, 14, 28, 0, 0
35, 28, 14, 38, 0, 0
20, 28, 15, 38, 0, 0
35, 28, 15, 29, 0, 0
21, 28, 16, 38, 0, 0
35, 28, 16, 46, 0, 0
21, 28, 17, 43, 0, 0
34, 28, 17, 58, 0, 0
22, 28, 18, 31, 0, 0
23, 28, 18, 53, 0, 0
24, 28, 18, 49, 15, 0
31, 28, 18, 71, 8, 0
32, 28, 18, 46, 0, 0
33, 28, 18, 34, 0, 0
25, 28, 19, 0, 0, 0
30, 28, 19, 51, 0, 0
25, 28, 20, 121, 51, 3
30, 28, 20, 111, 46, 1
25, 28, 21, 255, 134, 13
26, 28, 21, 224, 83, 0
27, 28, 21, 194, 48, 0
28, 28, 21, 194, 48, 0
29, 28, 21, 245, 109, 1
30, 28, 21, 255, 149, 19
26, 29, 7, 54, 0, 0
27, 29, 7, 56, 0, 0
28, 29, 7, 56, 0, 0
29, 29, 7, 69, 0, 0
24, 29, 8, 68, 0, 0
25, 29, 8, 68, 0, 0
30, 29, 8, 61, 0, 0
31, 29, 8, 81, 0, 0
24, 29, 9, 76, 0, 0
31, 29, 9, 56, 0, 0
23, 29, 10, 91, 0, 0
32, 29, 10, 66, 0, 0
33, 29, 10, 66, 0, 0
22, 29, 11, 74, 0, 0
33, 29, 11, 84, 0, 0
22, 29, 12, 74, 0, 0
34, 29, 12, 63, 28, 6
20, 29, 13, 64, 0, 0
21, 29, 13, 46, 11, 0
34, 29, 13, 93, 34, 0
35, 29, 13, 98, 0, 0
20, 29, 14, 34, 0, 0
35, 29, 14, 38, 0, 0
20, 29, 15, 39, 0, 0
35, 29, 15, 31, 0, 0
21, 29, 16, 43, 0, 0
34, 29, 16, 46, 0, 0
21, 29, 17, 49, 0, 0
22, 29, 17, 51, 0, 0
33, 29, 17, 49, 0, 0
34, 29, 17, 48, 0, 0
23, 29, 18, 66, 28, 5
24, 29, 18, 56, 0, 0
31, 29, 18, 66, 0, 0
32, 29, 18, 64, 21, 0
25, 29, 19, 11, 0, 0
30, 29, 19, 68, 0, 0
25, 29, 20, 106, 59, 51
30, 29, 20, 99, 49, 41
26, 29, 21, 11, 0, 0
27, 29, 21, 11, 0, 0
28, 29, 21, 11, 0, 0
29, 29, 21, 86, 48, 38
28, 30, 7, 56, 0, 0
25, 30, 8, 68, 0, 0
26, 30, 8, 43, 0, 0
27, 30, 8, 33, 0, 0
29, 30, 8, 38, 0, 0
30, 30, 8, 28, 0, 0
31, 30, 8, 18, 0, 0
24, 30, 9, 39, 0, 0
31, 30, 9, 56, 0, 0
22, 30, 10, 91, 0, 0
23, 30, 10, 91, 0, 0
32, 30, 10, 66, 0, 0
33, 30, 10, 66, 0, 0
22, 30, 11, 74, 0, 0
33, 30, 11, 84, 0, 0
22, 30, 12, 58, 0, 0
33, 30, 12, 106, 0, 0
22, 30, 13, 58, 0, 0
33, 30, 13, 61, 0, 0
20, 30, 14, 34, 0, 0
21, 30, 14, 86, 23, 0
34, 30, 14, 69, 16, 0
35, 30, 14, 34, 0, 0
20, 30, 15, 43, 0, 0
35, 30, 15, 39, 0, 0
21, 30, 16, 43, 0, 0
34, 30, 16, 53, 0, 0
21, 30, 17, 49, 0, 0
22, 30, 17, 46, 0, 0
33, 30, 17, 58, 0, 0
34, 30, 17, 51, 0, 0
23, 30, 18, 66, 0, 0
24, 30, 18, 61, 0, 0
31, 30, 18, 66, 0, 0
32, 30, 18, 58, 0, 0
25, 30, 19, 11, 0, 0
30, 30, 19, 6, 0, 0
25, 30, 20, 91, 44, 38
30, 30, 20, 83, 38, 29
26, 30, 21, 124, 73, 63
27, 30, 21, 104, 54, 44
28, 30, 21, 124, 68, 56
29, 30, 21, 149, 99, 86
25, 31, 8, 68, 0, 0
26, 31, 8, 56, 0, 0
27, 31, 8, 48, 0, 0
28, 31, 8, 43, 0, 0
29, 31, 8, 43, 0, 0
30, 31, 8, 39, 0, 0
22, 31, 9, 94, 0, 0
23, 31, 9, 94, 0, 0
24, 31, 9, 94, 0, 0
31, 31, 9, 59, 0, 0
32, 31, 9, 126, 0, 0
33, 31, 9, 81, 0, 0
21, 31, 10, 121, 0, 0
34, 31, 10, 83, 0, 0
21, 31, 11, 121, 0, 0
34, 31, 11, 113, 0, 0
21, 31, 12, 136, 3, 0
34, 31, 12, 113, 0, 0
21, 31, 13, 79, 0, 0
34, 31, 13, 38, 0, 0
21, 31, 14, 96, 0, 0
34, 31, 14, 38, 0, 0
21, 31, 15, 108, 0, 0
34, 31, 15, 119, 0, 0
21, 31, 16, 71, 0, 0
34, 31, 16, 51, 0, 0
22, 31, 17, 71, 0, 0
33, 31, 17, 64, 0, 0
34, 31, 17, 51, 0, 0
23, 31, 18, 66, 0, 0
32, 31, 18, 58, 0, 0
24, 31, 19, 0, 0, 0
31, 31, 19, 0, 0, 0
24, 31, 20, 216, 88, 0
25, 31, 20, 123, 44, 0
30, 31, 20, 101, 39, 0
31, 31, 20, 232, 113, 3
26, 31, 21, 142, 79, 68
27, 31, 21, 131, 69, 59
28, 31, 21, 137, 76, 64
29, 31, 21, 146, 91, 79
25, 32, 5, 156, 38, 0
30, 32, 5, 141, 8, 0
24, 32, 6, 202, 86, 0
25, 32, 6, 156, 38, 0
30, 32, 6, 141, 8, 0
31, 32, 6, 123, 21, 0
27, 32, 7, 39, 0, 0
28, 32, 7, 31, 0, 0
24, 32, 8, 74, 0, 0
25, 32, 8, 61, 0, 0
26, 32, 8, 56, 0, 0
29, 32, 8, 31, 0, 0
30, 32, 8, 33, 0, 0
31, 32, 8, 41, 0, 0
32, 32, 8, 41, 0, 0
22, 32, 9, 66, 0, 0
23, 32, 9, 94, 0, 0
33, 32, 9, 81, 0, 0
21, 32, 10, 79, 0, 0
34, 32, 10, 54, 0, 0
21, 32, 11, 79, 0, 0
34, 32, 11, 39, 0, 0
21, 32, 12, 53, 0, 0
34, 32, 12, 39, 0, 0
21, 32, 13, 79, 0, 0
34, 32, 13, 38, 0, 0
21, 32, 14, 51, 0, 0
34, 32, 14, 38, 0, 0
21, 32, 15, 46, 0, 0
34, 32, 15, 29, 0, 0
21, 32, 16, 71, 0, 0
34, 32, 16, 51, 0, 0
21, 32, 17, 58, 0, 0
34, 32, 17, 54, 0, 0
22, 32, 18, 73, 0, 0
33, 32, 18, 51, 0, 0
22, 32, 19, 73, 0, 0
23, 32, 19, 88, 0, 0
32, 32, 19, 51, 0, 0
33, 32, 19, 51, 0, 0
24, 32, 20, 255, 113, 3
25, 32, 20, 59, 0, 0
30, 32, 20, 5, 0, 0
31, 32, 20, 240, 123, 6
26, 32, 21, 157, 44, 0
27, 32, 21, 204, 96, 11
28, 32, 21, 244, 119, 15
29, 32, 21, 244, 121, 13
25, 33, 4, 28, 0, 0
26, 33, 4, 28, 0, 0
27, 33, 4, 33, 0, 0
28, 33, 4, 39, 0, 0
29, 33, 4, 8, 0, 0
30, 33, 4, 88, 0, 0
24, 33, 5, 139, 59, 0
26, 33, 5, 28, 0, 0
27, 33, 5, 56, 0, 0
28, 33, 5, 41, 0, 0
29, 33, 5, 8, 0, 0
31, 33, 5, 159, 78, 1
24, 33, 6, 39, 0, 0
25, 33, 6, 0, 0, 0
26, 33, 6, 33, 0, 0
27, 33, 6, 1, 0, 0
28, 33, 6, 0, 0, 0
29, 33, 6, 1, 0, 0
30, 33, 6, 1, 0, 0
31, 33, 6, 61, 0, 0
26, 33, 7, 43, 0, 0
29, 33, 7, 23, 0, 0
23, 33, 8, 64, 0, 0
24, 33, 8, 64, 0, 0
25, 33, 8, 61, 0, 0
30, 33, 8, 23, 0, 0
31, 33, 8, 41, 0, 0
32, 33, 8, 41, 0, 0
22, 33, 9, 78, 0, 0
33, 33, 9, 78, 0, 0
21, 33, 10, 63, 0, 0
34, 33, 10, 54, 0, 0
21, 33, 11, 63, 0, 0
34, 33, 11, 39, 0, 0
21, 33, 12, 18, 0, 0
34, 33, 12, 39, 0, 0
21, 33, 13, 31, 0, 0
34, 33, 13, 16, 0, 0
21, 33, 14, 31, 0, 0
34, 33, 14, 11, 0, 0
21, 33, 15, 46, 0, 0
34, 33, 15, 29, 0, 0
21, 33, 16, 46, 0, 0
34, 33, 16, 29, 0, 0
21, 33, 17, 68, 0, 0
34, 33, 17, 56, 0, 0
22, 33, 18, 73, 0, 0
33, 33, 18, 51, 0, 0
22, 33, 19, 63, 0, 0
23, 33, 19, 196, 58, 0
32, 33, 19, 177, 29, 0
33, 33, 19, 177, 29, 0
24, 33, 20, 152, 0, 0
25, 33, 20, 106, 0, 0
26, 33, 20, 106, 0, 0
27, 33, 20, 69, 8, 0
28, 33, 20, 69, 8, 0
29, 33, 20, 99, 0, 0
30, 33, 20, 99, 0, 0
31, 33, 20, 137, 0, 0
24, 34, 3, 231, 132, 19
25, 34, 3, 149, 6, 0
26, 34, 3, 88, 0, 0
27, 34, 3, 33, 0, 0
28, 34, 3, 39, 0, 0
29, 34, 3, 78, 0, 0
30, 34, 3, 86, 0, 0
31, 34, 3, 118, 1, 0
24, 34, 4, 231, 132, 19
31, 34, 4, 161, 76, 0
23, 34, 5, 222, 71, 0
32, 34, 5, 247, 94, 0
23, 34, 6, 136, 13, 0
24, 34, 6, 16, 0, 0
31, 34, 6, 0, 0, 0
32, 34, 6, 144, 26, 0
25, 34, 7, 26, 0, 0
30, 34, 7, 0, 0, 0
23, 34, 8, 64, 0, 0
24, 34, 8, 64, 0, 0
31, 34, 8, 26, 0, 0
32, 34, 8, 58, 0, 0
33, 34, 8, 54, 0, 0
22, 34, 9, 84, 0, 0
33, 34, 9, 78, 0, 0
21, 34, 10, 63, 0, 0
34, 34, 10, 71, 0, 0
21, 34, 11, 63, 0, 0
34, 34, 11, 31, 0, 0
21, 34, 12, 18, 0, 0
35, 34, 12, 21, 0, 0
20, 34, 13, 23, 0, 0
35, 34, 13, 16, 0, 0
20, 34, 14, 23, 0, 0
35, 34, 14, 16, 0, 0
20, 34, 15, 26, 0, 0
35, 34, 15, 16, 0, 0
21, 34, 16, 44, 0, 0
34, 34, 16, 29, 0, 0
21, 34, 17, 63, 0, 0
34, 34, 17, 51, 0, 0
22, 34, 18, 68, 0, 0
33, 34, 18, 53, 0, 0
22, 34, 19, 64, 0, 0
33, 34, 19, 84, 0, 0
23, 34, 20, 159, 10, 0
24, 34, 20, 93, 0, 0
25, 34, 20, 106, 0, 0
26, 34, 20, 106, 0, 0
27, 34, 20, 255, 177, 36
28, 34, 20, 196, 46, 0
29, 34, 20, 99, 0, 0
30, 34, 20, 68, 0, 0
31, 34, 20, 68, 0, 0
32, 34, 20, 174, 41, 0
24, 35, 3, 149, 6, 0
25, 35, 3, 84, 0, 0
26, 35, 3, 61, 0, 0
27, 35, 3, 48, 0, 0
28, 35, 3, 53, 0, 0
29, 35, 3, 63, 0, 0
30, 35, 3, 71, 0, 0
31, 35, 3, 118, 1, 0
23, 35, 4, 154, 53, 0
32, 35, 4, 151, 41, 0
23, 35, 5, 166, 64, 0
32, 35, 5, 134, 36, 0
23, 35, 6, 0, 0, 0
32, 35, 6, 3, 0, 0
24, 35, 7, 29, 0, 0
31, 35, 7, 13, 0, 0
22, 35, 8, 61, 0, 0
23, 35, 8, 61, 0, 0
32, 35, 8, 18, 0, 0
33, 35, 8, 58, 0, 0
21, 35, 9, 74, 0, 0
34, 35, 9, 63, 0, 0
21, 35, 10, 38, 0, 0
34, 35, 10, 61, 0, 0
21, 35, 11, 23, 0, 0
35, 35, 11, 33, 0, 0
20, 35, 12, 3, 0, 0
35, 35, 12, 36, 0, 0
20, 35, 13, 1, 0, 0
35, 35, 13, 36, 0, 0
20, 35, 14, 1, 0, 0
35, 35, 14, 8, 0, 0
20, 35, 15, 15, 0, 0
35, 35, 15, 16, 0, 0
20, 35, 16, 44, 0, 0
35, 35, 16, 16, 0, 0
21, 35, 17, 44, 0, 0
34, 35, 17, 29, 0, 0
22, 35, 18, 59, 0, 0
34, 35, 18, 41, 0, 0
22, 35, 19, 64, 0, 0
33, 35, 19, 84, 0, 0
23, 35, 20, 103, 0, 0
24, 35, 20, 61, 0, 0
25, 35, 20, 76, 0, 0
26, 35, 20, 88, 0, 0
27, 35, 20, 134, 0, 0
28, 35, 20, 204, 48, 0
29, 35, 20, 196, 46, 0
30, 35, 20, 68, 0, 0
31, 35, 20, 68, 0, 0
32, 35, 20, 68, 0, 0
23, 36, 2, 128, 29, 0
24, 36, 2, 91, 0, 0
25, 36, 2, 78, 0, 0
26, 36, 2, 61, 0, 0
27, 36, 2, 48, 0, 0
28, 36, 2, 48, 0, 0
29, 36, 2, 88, 0, 0
30, 36, 2, 83, 0, 0
31, 36, 2, 83, 0, 0
32, 36, 2, 171, 13, 0
23, 36, 3, 128, 29, 0
32, 36, 3, 11, 0, 0
23, 36, 4, 0, 0, 0
32, 36, 4, 11, 0, 0
22, 36, 5, 186, 93, 8
33, 36, 5, 166, 86, 5
22, 36, 6, 38, 0, 0
33, 36, 6, 41, 0, 0
23, 36, 7, 33, 0, 0
32, 36, 7, 18, 0, 0
22, 36, 8, 59, 0, 0
33, 36, 8, 64, 0, 0
21, 36, 9, 38, 0, 0
34, 36, 9, 73, 0, 0
21, 36, 10, 38, 0, 0
34, 36, 10, 61, 0, 0
20, 36, 11, 10, 0, 0
35, 36, 11, 33, 0, 0
20, 36, 12, 0, 0, 0
35, 36, 12, 18, 0, 0
20, 36, 13, 0, 0, 0
35, 36, 13, 3, 0, 0
20, 36, 14, 0, 0, 0
35, 36, 14, 0, 0, 0
20, 36, 15, 0, 0, 0
35, 36, 15, 0, 0, 0
20, 36, 16, 44, 0, 0
35, 36, 16, 16, 0, 0
20, 36, 17, 44, 0, 0
35, 36, 17, 29, 0, 0
21, 36, 18, 59, 0, 0
34, 36, 18, 41, 0, 0
22, 36, 19, 61, 0, 0
33, 36, 19, 76, 0, 0
23, 36, 20, 68, 0, 0
24, 36, 20, 61, 0, 0
25, 36, 20, 61, 0, 0
26, 36, 20, 68, 0, 0
27, 36, 20, 134, 0, 0
28, 36, 20, 99, 0, 0
29, 36, 20, 76, 0, 0
30, 36, 20, 68, 0, 0
31, 36, 20, 76, 0, 0
32, 36, 20, 79, 0, 0
22, 37, 2, 217, 86, 0
23, 37, 2, 137, 0, 0
24, 37, 2, 86, 0, 0
25, 37, 2, 61, 0, 0
26, 37, 2, 71, 0, 0
27, 37, 2, 71, 0, 0
28, 37, 2, 73, 0, 0
29, 37, 2, 88, 0, 0
30, 37, 2, 84, 0, 0
31, 37, 2, 83, 0, 0
32, 37, 2, 157, 5, 0
33, 37, 2, 206, 38, 0
22, 37, 3, 217, 86, 0
33, 37, 3, 214, 56, 0
22, 37, 4, 134, 28, 0
33, 37, 4, 0, 0, 0
22, 37, 5, 0, 0, 0
33, 37, 5, 0, 0, 0
22, 37, 6, 44, 0, 0
23, 37, 6, 18, 0, 0
32, 37, 6, 0, 0, 0
33, 37, 6, 0, 0, 0
24, 37, 7, 16, 0, 0
31, 37, 7, 0, 0, 0
22, 37, 8, 59, 0, 0
23, 37, 8, 39, 0, 0
32, 37, 8, 34, 0, 0
33, 37, 8, 64, 0, 0
21, 37, 9, 41, 0, 0
34, 37, 9, 69, 0, 0
21, 37, 10, 6, 0, 0
34, 37, 10, 61, 0, 0
20, 37, 11, 0, 0, 0
35, 37, 11, 28, 0, 0
20, 37, 12, 0, 0, 0
35, 37, 12, 0, 0, 0
20, 37, 13, 0, 0, 0
35, 37, 13, 0, 0, 0
20, 37, 14, 0, 0, 0
35, 37, 14, 0, 0, 0
20, 37, 15, 0, 0, 0
35, 37, 15, 0, 0, 0
20, 37, 16, 13, 0, 0
35, 37, 16, 6, 0, 0
20, 37, 17, 13, 0, 0
35, 37, 17, 6, 0, 0
21, 37, 18, 54, 0, 0
34, 37, 18, 69, 0, 0
22, 37, 19, 68, 0, 0
33, 37, 19, 76, 0, 0
34, 37, 19, 69, 0, 0
23, 37, 20, 73, 0, 0
24, 37, 20, 69, 0, 0
25, 37, 20, 69, 0, 0
26, 37, 20, 84, 0, 0
27, 37, 20, 69, 0, 0
28, 37, 20, 99, 0, 0
29, 37, 20, 84, 0, 0
30, 37, 20, 69, 0, 0
31, 37, 20, 73, 0, 0
32, 37, 20, 78, 0, 0
23, 38, 1, 78, 0, 0
24, 38, 1, 78, 0, 0
25, 38, 1, 61, 0, 0
26, 38, 1, 61, 0, 0
27, 38, 1, 94, 0, 0
28, 38, 1, 84, 0, 0
29, 38, 1, 84, 0, 0
30, 38, 1, 74, 0, 0
31, 38, 1, 81, 0, 0
32, 38, 1, 96, 0, 0
23, 38, 2, 79, 0, 0
32, 38, 2, 91, 0, 0
23, 38, 3, 81, 0, 0
32, 38, 3, 91, 0, 0
23, 38, 4, 79, 0, 0
32, 38, 4, 79, 0, 0
23, 38, 5, 48, 0, 0
32, 38, 5, 46, 0, 0
23, 38, 6, 48, 0, 0
32, 38, 6, 46, 0, 0
24, 38, 7, 8, 0, 0
31, 38, 7, 0, 0, 0
22, 38, 8, 46, 0, 0
23, 38, 8, 44, 0, 0
32, 38, 8, 24, 0, 0
33, 38, 8, 54, 0, 0
21, 38, 9, 29, 0, 0
34, 38, 9, 43, 0, 0
20, 38, 10, 5, 0, 0
35, 38, 10, 1, 0, 0
20, 38, 11, 0, 0, 0
35, 38, 11, 1, 0, 0
20, 38, 12, 0, 0, 0
35, 38, 12, 28, 0, 0
20, 38, 13, 0, 0, 0
35, 38, 13, 0, 0, 0
20, 38, 14, 0, 0, 0
35, 38, 14, 0, 0, 0
20, 38, 15, 0, 0, 0
35, 38, 15, 0, 0, 0
20, 38, 16, 0, 0, 0
35, 38, 16, 0, 0, 0
20, 38, 17, 5, 0, 0
35, 38, 17, 0, 0, 0
21, 38, 18, 41, 0, 0
34, 38, 18, 69, 0, 0
22, 38, 19, 68, 0, 0
23, 38, 19, 98, 0, 0
32, 38, 19, 81, 0, 0
33, 38, 19, 83, 0, 0
24, 38, 20, 96, 0, 0
25, 38, 20, 69, 0, 0
26, 38, 20, 84, 0, 0
27, 38, 20, 93, 0, 0
28, 38, 20, 84, 0, 0
29, 38, 20, 84, 0, 0
30, 38, 20, 63, 0, 0
31, 38, 20, 69, 0, 0
26, 39, 0, 68, 0, 0
27, 39, 0, 68, 0, 0
28, 39, 0, 113, 0, 0
29, 39, 0, 128, 0, 0
23, 39, 1, 76, 0, 0
24, 39, 1, 81, 0, 0
25, 39, 1, 61, 0, 0
30, 39, 1, 74, 0, 0
31, 39, 1, 86, 0, 0
32, 39, 1, 51, 0, 0
22, 39, 2, 78, 39, 15
33, 39, 2, 73, 34, 11
22, 39, 3, 83, 48, 21
33, 39, 3, 73, 34, 11
22, 39, 4, 61, 31, 6
33, 39, 4, 59, 23, 0
22, 39, 5, 41, 13, 0
33, 39, 5, 44, 11, 0
23, 39, 6, 3, 0, 0
24, 39, 6, 0, 0, 0
31, 39, 6, 0, 0, 0
32, 39, 6, 0, 0, 0
25, 39, 7, 16, 0, 0
30, 39, 7, 0, 0, 0
22, 39, 8, 46, 0, 0
23, 39, 8, 44, 0, 0
24, 39, 8, 11, 0, 0
31, 39, 8, 24, 0, 0
32, 39, 8, 24, 0, 0
33, 39, 8, 54, 0, 0
21, 39, 9, 28, 0, 0
34, 39, 9, 43, 0, 0
20, 39, 10, 5, 0, 0
35, 39, 10, 1, 0, 0
20, 39, 11, 5, 0, 0
35, 39, 11, 1, 0, 0
19, 39, 12, 44, 8, 0
36, 39, 12, 28, 6, 0
19, 39, 13, 0, 0, 0
36, 39, 13, 0, 0, 0
19, 39, 14, 0, 0, 0
36, 39, 14, 0, 0, 0
19, 39, 15, 0, 0, 0
36, 39, 15, 0, 0, 0
20, 39, 16, 0, 0, 0
35, 39, 16, 0, 0, 0
20, 39, 17, 15, 0, 0
35, 39, 17, 0, 0, 0
21, 39, 18, 61, 0, 0
34, 39, 18, 18, 0, 0
22, 39, 19, 68, 0, 0
23, 39, 19, 98, 0, 0
32, 39, 19, 83, 0, 0
33, 39, 19, 83, 0, 0
24, 39, 20, 71, 0, 0
25, 39, 20, 63, 0, 0
26, 39, 20, 93, 0, 0
27, 39, 20, 93, 0, 0
28, 39, 20, 76, 0, 0
29, 39, 20, 69, 0, 0
30, 39, 20, 78, 0, 0
31, 39, 20, 78, 0, 0
25, 40, 0, 79, 0, 0
26, 40, 0, 68, 0, 0
27, 40, 0, 68, 0, 0
28, 40, 0, 96, 0, 0
29, 40, 0, 71, 0, 0
30, 40, 0, 71, 0, 0
23, 40, 1, 54, 0, 0
24, 40, 1, 64, 0, 0
31, 40, 1, 74, 0, 0
32, 40, 1, 74, 0, 0
22, 40, 2, 83, 48, 21
33, 40, 2, 73, 34, 11
22, 40, 3, 98, 61, 34
33, 40, 3, 73, 34, 11
22, 40, 4, 98, 61, 34
33, 40, 4, 84, 44, 19
22, 40, 5, 64, 34, 10
33, 40, 5, 68, 33, 10
23, 40, 6, 6, 0, 0
24, 40, 6, 0, 0, 0
31, 40, 6, 0, 0, 0
32, 40, 6, 0, 0, 0
25, 40, 7, 8, 0, 0
30, 40, 7, 0, 0, 0
22, 40, 8, 31, 0, 0
23, 40, 8, 33, 0, 0
24, 40, 8, 16, 0, 0
31, 40, 8, 0, 0, 0
32, 40, 8, 28, 0, 0
33, 40, 8, 44, 0, 0
20, 40, 9, 0, 0, 0
21, 40, 9, 0, 0, 0
34, 40, 9, 15, 0, 0
35, 40, 9, 15, 0, 0
20, 40, 10, 0, 0, 0
35, 40, 10, 15, 0, 0
19, 40, 11, 28, 0, 0
36, 40, 11, 26, 1, 0
1, 40, 12, 44, 0, 0
7, 40, 12, 68, 0, 0
8, 40, 12, 53, 0, 0
9, 40, 12, 64, 0, 0
10, 40, 12, 74, 0, 0
11, 40, 12, 74, 0, 0
12, 40, 12, 74, 0, 0
13, 40, 12, 71, 36, 13
14, 40, 12, 66, 0, 0
15, 40, 12, 66, 0, 0
16, 40, 12, 1, 0, 0
17, 40, 12, 0, 0, 0
19, 40, 12, 33, 1, 0
36, 40, 12, 28, 8, 0
38, 40, 12, 0, 0, 0
39, 40, 12, 34, 0, 0
40, 40, 12, 54, 0, 0
41, 40, 12, 54, 0, 0
42, 40, 12, 18, 0, 0
43, 40, 12, 63, 0, 0
44, 40, 12, 63, 0, 0
45, 40, 12, 33, 0, 0
46, 40, 12, 49, 0, 0
47, 40, 12, 61, 0, 0
48, 40, 12, 64, 0, 0
54, 40, 12, 23, 0, 0
0, 40, 13, 58, 0, 0
1, 40, 13, 58, 0, 0
7, 40, 13, 43, 0, 0
8, 40, 13, 44, 0, 0
9, 40, 13, 44, 0, 0
10, 40, 13, 39, 0, 0
11, 40, 13, 39, 0, 0
12, 40, 13, 46, 0, 0
13, 40, 13, 53, 0, 0
14, 40, 13, 79, 31, 0
15, 40, 13, 23, 0, 0
16, 40, 13, 23, 0, 0
17, 40, 13, 0, 0, 0
18, 40, 13, 0, 0, 0
37, 40, 13, 0, 0, 0
38, 40, 13, 0, 0, 0
39, 40, 13, 0, 0, 0
40, 40, 13, 34, 0, 0
41, 40, 13, 36, 1, 0
42, 40, 13, 33, 0, 0
43, 40, 13, 33, 0, 0
44, 40, 13, 28, 0, 0
45, 40, 13, 19, 0, 0
46, 40, 13, 33, 0, 0
47, 40, 13, 43, 0, 0
48, 40, 13, 51, 0, 0
54, 40, 13, 34, 0, 0
55, 40, 13, 34, 0, 0
0, 40, 14, 58, 0, 0
1, 40, 14, 58, 0, 0
7, 40, 14, 43, 0, 0
8, 40, 14, 38, 0, 0
9, 40, 14, 16, 0, 0
10, 40, 14, 16, 0, 0
11, 40, 14, 39, 0, 0
12, 40, 14, 18, 0, 0
13, 40, 14, 18, 0, 0
14, 40, 14, 13, 0, 0
15, 40, 14, 56, 0, 0
16, 40, 14, 0, 0, 0
17, 40, 14, 0, 0, 0
18, 40, 14, 0, 0, 0
37, 40, 14, 0, 0, 0
38, 40, 14, 0, 0, 0
39, 40, 14, 0, 0, 0
40, 40, 14, 0, 0, 0
41, 40, 14, 1, 0, 0
42, 40, 14, 19, 0, 0
43, 40, 14, 19, 0, 0
44, 40, 14, 19, 0, 0
45, 40, 14, 19, 0, 0
46, 40, 14, 31, 0, 0
47, 40, 14, 44, 0, 0
48, 40, 14, 51, 0, 0
54, 40, 14, 34, 0, 0
55, 40, 14, 34, 0, 0
0, 40, 15, 43, 0, 0
7, 40, 15, 66, 0, 0
8, 40, 15, 66, 0, 0
9, 40, 15, 31, 0, 0
10, 40, 15, 31, 0, 0
11, 40, 15, 19, 0, 0
12, 40, 15, 29, 0, 0
13, 40, 15, 28, 0, 0
14, 40, 15, 10, 0, 0
15, 40, 15, 3, 0, 0
16, 40, 15, 3, 0, 0
17, 40, 15, 0, 0, 0
18, 40, 15, 0, 0, 0
19, 40, 15, 0, 0, 0
37, 40, 15, 0, 0, 0
38, 40, 15, 0, 0, 0
39, 40, 15, 24, 0, 0
40, 40, 15, 24, 0, 0
41, 40, 15, 11, 0, 0
42, 40, 15, 33, 0, 0
43, 40, 15, 33, 0, 0
44, 40, 15, 29, 0, 0
45, 40, 15, 28, 0, 0
46, 40, 15, 41, 0, 0
47, 40, 15, 64, 0, 0
48, 40, 15, 61, 0, 0
55, 40, 15, 44, 0, 0
2, 40, 16, 54, 0, 0
3, 40, 16, 54, 0, 0
4, 40, 16, 56, 0, 0
7, 40, 16, 64, 0, 0
8, 40, 16, 61, 0, 0
9, 40, 16, 61, 0, 0
12, 40, 16, 18, 0, 0
13, 40, 16, 18, 0, 0
15, 40, 16, 83, 0, 0
16, 40, 16, 11, 0, 0
20, 40, 16, 11, 0, 0
36, 40, 16, 16, 0, 0
40, 40, 16, 63, 0, 0
42, 40, 16, 33, 0, 0
43, 40, 16, 33, 0, 0
46, 40, 16, 61, 0, 0
47, 40, 16, 61, 0, 0
48, 40, 16, 66, 0, 0
51, 40, 16, 28, 0, 0
52, 40, 16, 18, 0, 0
53, 40, 16, 38, 0, 0
2, 40, 17, 54, 0, 0
3, 40, 17, 54, 0, 0
4, 40, 17, 54, 0, 0
20, 40, 17, 15, 0, 0
35, 40, 17, 18, 0, 0
51, 40, 17, 31, 0, 0
52, 40, 17, 18, 0, 0
53, 40, 17, 18, 0, 0
21, 40, 18, 61, 0, 0
34, 40, 18, 18, 0, 0
22, 40, 19, 79, 0, 0
23, 40, 19, 79, 0, 0
32, 40, 19, 86, 0, 0
33, 40, 19, 71, 0, 0
24, 40, 20, 51, 0, 0
25, 40, 20, 51, 0, 0
26, 40, 20, 76, 0, 0
27, 40, 20, 93, 0, 0
28, 40, 20, 78, 0, 0
29, 40, 20, 69, 0, 0
30, 40, 20, 78, 0, 0
31, 40, 20, 73, 0, 0
24, 41, 0, 116, 0, 0
25, 41, 0, 73, 0, 0
26, 41, 0, 68, 0, 0
27, 41, 0, 99, 24, 0
28, 41, 0, 88, 24, 0
29, 41, 0, 71, 0, 0
30, 41, 0, 61, 0, 0
31, 41, 0, 61, 0, 0
23, 41, 1, 56, 0, 0
32, 41, 1, 69, 0, 0
22, 41, 2, 86, 49, 24
33, 41, 2, 68, 33, 10
22, 41, 3, 98, 61, 34
33, 41, 3, 84, 44, 19
22, 41, 4, 91, 56, 29
33, 41, 4, 84, 44, 19
22, 41, 5, 91, 56, 29
33, 41, 5, 74, 41, 16
23, 41, 6, 5, 0, 0
24, 41, 6, 0, 0, 0
31, 41, 6, 0, 0, 0
32, 41, 6, 0, 0, 0
17, 41, 7, 255, 139, 15
25, 41, 7, 0, 0, 0
30, 41, 7, 6, 0, 0
38, 41, 7, 169, 69, 0
39, 41, 7, 255, 142, 16
16, 41, 8, 236, 108, 0
17, 41, 8, 124, 26, 0
22, 41, 8, 18, 0, 0
23, 41, 8, 16, 0, 0
24, 41, 8, 16, 0, 0
31, 41, 8, 0, 0, 0
32, 41, 8, 31, 0, 0
33, 41, 8, 48, 0, 0
38, 41, 8, 131, 29, 0
39, 41, 8, 239, 104, 0
20, 41, 9, 0, 0, 0
21, 41, 9, 0, 0, 0
34, 41, 9, 11, 0, 0
35, 41, 9, 15, 0, 0
20, 41, 10, 0, 0, 0
35, 41, 10, 15, 0, 0
7, 41, 11, 46, 0, 0
8, 41, 11, 53, 0, 0
9, 41, 11, 53, 0, 0
14, 41, 11, 63, 0, 0
15, 41, 11, 63, 0, 0
16, 41, 11, 31, 0, 0
19, 41, 11, 28, 0, 0
36, 41, 11, 10, 0, 0
39, 41, 11, 56, 0, 0
40, 41, 11, 48, 0, 0
41, 41, 11, 83, 0, 0
46, 41, 11, 63, 0, 0
47, 41, 11, 53, 0, 0
48, 41, 11, 61, 0, 0
0, 41, 12, 56, 0, 0
1, 41, 12, 58, 0, 0
2, 41, 12, 44, 0, 0
3, 41, 12, 74, 1, 0
4, 41, 12, 69, 0, 0
5, 41, 12, 56, 0, 0
6, 41, 12, 56, 0, 0
10, 41, 12, 79, 0, 0
11, 41, 12, 78, 0, 0
12, 41, 12, 78, 0, 0
13, 41, 12, 71, 36, 13
17, 41, 12, 0, 0, 0
18, 41, 12, 0, 0, 0
37, 41, 12, 0, 0, 0
38, 41, 12, 44, 0, 0
42, 41, 12, 26, 6, 0
43, 41, 12, 63, 0, 0
44, 41, 12, 63, 0, 0
45, 41, 12, 61, 0, 0
49, 41, 12, 51, 0, 0
50, 41, 12, 51, 0, 0
51, 41, 12, 54, 0, 0
52, 41, 12, 43, 0, 0
53, 41, 12, 23, 0, 0
54, 41, 12, 51, 0, 0
55, 41, 12, 59, 0, 0
0, 41, 13, 56, 0, 0
2, 41, 13, 44, 0, 0
3, 41, 13, 76, 43, 16
4, 41, 13, 63, 36, 13
5, 41, 13, 61, 31, 10
6, 41, 13, 61, 31, 10
49, 41, 13, 48, 28, 5
50, 41, 13, 48, 28, 5
51, 41, 13, 46, 24, 1
52, 41, 13, 44, 19, 0
53, 41, 13, 23, 0, 0
55, 41, 13, 46, 0, 0
0, 41, 14, 46, 0, 0
2, 41, 14, 36, 11, 0
3, 41, 14, 66, 31, 8
4, 41, 14, 74, 36, 13
5, 41, 14, 59, 29, 6
6, 41, 14, 59, 29, 6
49, 41, 14, 44, 16, 0
50, 41, 14, 48, 28, 5
51, 41, 14, 38, 21, 0
52, 41, 14, 41, 19, 0
53, 41, 14, 6, 0, 0
55, 41, 14, 34, 0, 0
0, 41, 15, 46, 0, 0
1, 41, 15, 46, 0, 0
4, 41, 15, 51, 1, 0
5, 41, 15, 51, 0, 0
6, 41, 15, 51, 0, 0
49, 41, 15, 56, 0, 0
50, 41, 15, 36, 0, 0
51, 41, 15, 23, 0, 0
54, 41, 15, 18, 0, 0
55, 41, 15, 63, 0, 0
0, 41, 16, 56, 0, 0
1, 41, 16, 56, 0, 0
3, 41, 16, 18, 0, 0
5, 41, 16, 51, 0, 0
7, 41, 16, 68, 0, 0
8, 41, 16, 68, 0, 0
9, 41, 16, 51, 0, 0
10, 41, 16, 39, 0, 0
11, 41, 16, 23, 0, 0
12, 41, 16, 24, 0, 0
13, 41, 16, 18, 0, 0
14, 41, 16, 78, 21, 0
16, 41, 16, 26, 0, 0
17, 41, 16, 26, 0, 0
18, 41, 16, 26, 0, 0
19, 41, 16, 11, 0, 0
36, 41, 16, 16, 0, 0
37, 41, 16, 33, 0, 0
38, 41, 16, 41, 0, 0
39, 41, 16, 41, 0, 0
41, 41, 16, 81, 23, 0
42, 41, 16, 33, 0, 0
43, 41, 16, 33, 0, 0
44, 41, 16, 46, 0, 0
45, 41, 16, 36, 0, 0
46, 41, 16, 39, 0, 0
47, 41, 16, 61, 0, 0
48, 41, 16, 54, 0, 0
50, 41, 16, 28, 0, 0
52, 41, 16, 44, 0, 0
54, 41, 16, 36, 0, 0
55, 41, 16, 36, 0, 0
2, 41, 17, 41, 0, 0
3, 41, 17, 41, 0, 0
4, 41, 17, 56, 0, 0
15, 41, 17, 66, 0, 0
20, 41, 17, 13, 0, 0
35, 41, 17, 0, 0, 0
40, 41, 17, 61, 0, 0
41, 41, 17, 164, 54, 0
51, 41, 17, 31, 0, 0
52, 41, 17, 59, 0, 0
53, 41, 17, 59, 0, 0
21, 41, 18, 74, 0, 0
34, 41, 18, 41, 0, 0
16, 41, 19, 121, 33, 0
17, 41, 19, 121, 33, 0
22, 41, 19, 79, 0, 0
23, 41, 19, 73, 0, 0
32, 41, 19, 83, 0, 0
33, 41, 19, 69, 0, 0
38, 41, 19, 114, 23, 0
39, 41, 19, 187, 74, 0
17, 41, 20, 245, 124, 11
24, 41, 20, 54, 0, 0
25, 41, 20, 54, 0, 0
26, 41, 20, 68, 0, 0
27, 41, 20, 93, 0, 0
28, 41, 20, 84, 0, 0
29, 41, 20, 93, 0, 0
30, 41, 20, 93, 0, 0
31, 41, 20, 152, 0, 0
38, 41, 20, 254, 131, 13
39, 41, 20, 254, 131, 13
24, 42, 0, 99, 0, 0
25, 42, 0, 73, 0, 0
26, 42, 0, 0, 0, 0
27, 42, 0, 0, 0, 0
28, 42, 0, 0, 3, 0
29, 42, 0, 48, 38, 0
30, 42, 0, 61, 0, 0
31, 42, 0, 83, 0, 0
23, 42, 1, 56, 0, 0
32, 42, 1, 66, 0, 0
22, 42, 2, 79, 41, 16
33, 42, 2, 56, 28, 6
22, 42, 3, 84, 48, 21
33, 42, 3, 56, 28, 6
22, 42, 4, 91, 56, 29
33, 42, 4, 74, 41, 16
22, 42, 5, 78, 44, 19
33, 42, 5, 74, 41, 16
23, 42, 6, 1, 0, 0
24, 42, 6, 0, 0, 0
31, 42, 6, 0, 0, 0
32, 42, 6, 0, 0, 0
16, 42, 7, 255, 152, 19
17, 42, 7, 255, 139, 15
18, 42, 7, 255, 139, 15
19, 42, 7, 255, 139, 15
25, 42, 7, 0, 0, 0
30, 42, 7, 11, 0, 0
36, 42, 7, 194, 86, 0
37, 42, 7, 194, 86, 0
38, 42, 7, 231, 109, 1
39, 42, 7, 255, 142, 16
16, 42, 8, 191, 74, 0
18, 42, 8, 28, 0, 0
19, 42, 8, 28, 0, 0
22, 42, 8, 18, 0, 0
23, 42, 8, 38, 0, 0
24, 42, 8, 5, 0, 0
31, 42, 8, 10, 0, 0
32, 42, 8, 10, 0, 0
33, 42, 8, 43, 0, 0
36, 42, 8, 71, 1, 0
37, 42, 8, 31, 0, 0
39, 42, 8, 142, 28, 0
17, 42, 9, 0, 0, 0
21, 42, 9, 13, 0, 0
34, 42, 9, 16, 0, 0
38, 42, 9, 0, 0, 0
20, 42, 10, 0, 0, 0
35, 42, 10, 0, 0, 0
7, 42, 11, 53, 0, 0
8, 42, 11, 34, 0, 0
9, 42, 11, 89, 0, 0
12, 42, 11, 98, 0, 0
14, 42, 11, 63, 0, 0
15, 42, 11, 63, 0, 0
16, 42, 11, 28, 0, 0
17, 42, 11, 31, 0, 0
18, 42, 11, 0, 0, 0
19, 42, 11, 5, 0, 0
36, 42, 11, 10, 0, 0
37, 42, 11, 0, 0, 0
38, 42, 11, 56, 0, 0
39, 42, 11, 56, 0, 0
40, 42, 11, 38, 0, 0
41, 42, 11, 118, 0, 0
43, 42, 11, 61, 0, 0
46, 42, 11, 98, 0, 0
47, 42, 11, 61, 0, 0
48, 42, 11, 74, 0, 0
1, 42, 12, 59, 0, 0
2, 42, 12, 64, 0, 0
3, 42, 12, 66, 0, 0
4, 42, 12, 69, 0, 0
5, 42, 12, 53, 0, 0
6, 42, 12, 53, 0, 0
10, 42, 12, 66, 0, 0
11, 42, 12, 61, 0, 0
13, 42, 12, 79, 43, 18
42, 42, 12, 48, 23, 1
44, 42, 12, 61, 0, 0
45, 42, 12, 63, 0, 0
49, 42, 12, 51, 0, 0
50, 42, 12, 51, 0, 0
51, 42, 12, 54, 0, 0
52, 42, 12, 69, 0, 0
53, 42, 12, 51, 0, 0
54, 42, 12, 51, 0, 0
0, 42, 13, 54, 0, 0
1, 42, 13, 58, 0, 0
54, 42, 13, 51, 0, 0
55, 42, 13, 51, 0, 0
0, 42, 14, 46, 0, 0
55, 42, 14, 51, 0, 0
0, 42, 15, 46, 0, 0
2, 42, 15, 44, 13, 0
3, 42, 15, 53, 21, 1
6, 42, 15, 56, 0, 0
49, 42, 15, 56, 0, 0
52, 42, 15, 23, 0, 0
53, 42, 15, 6, 0, 0
55, 42, 15, 73, 0, 0
0, 42, 16, 56, 0, 0
1, 42, 16, 56, 0, 0
2, 42, 16, 34, 0, 0
3, 42, 16, 43, 0, 0
4, 42, 16, 18, 0, 0
5, 42, 16, 63, 0, 0
7, 42, 16, 46, 0, 0
8, 42, 16, 68, 0, 0
9, 42, 16, 58, 0, 0
10, 42, 16, 49, 0, 0
11, 42, 16, 44, 0, 0
12, 42, 16, 11, 0, 0
13, 42, 16, 11, 0, 0
18, 42, 16, 8, 0, 0
19, 42, 16, 11, 0, 0
36, 42, 16, 19, 1, 0
37, 42, 16, 15, 0, 0
42, 42, 16, 23, 0, 0
43, 42, 16, 23, 0, 0
44, 42, 16, 43, 0, 0
45, 42, 16, 29, 0, 0
46, 42, 16, 18, 0, 0
47, 42, 16, 36, 0, 0
48, 42, 16, 46, 0, 0
50, 42, 16, 81, 0, 0
51, 42, 16, 46, 0, 0
52, 42, 16, 21, 0, 0
53, 42, 16, 21, 0, 0
54, 42, 16, 58, 0, 0
55, 42, 16, 58, 0, 0
14, 42, 17, 71, 0, 0
15, 42, 17, 33, 0, 0
16, 42, 17, 33, 0, 0
17, 42, 17, 31, 0, 0
20, 42, 17, 0, 0, 0
35, 42, 17, 3, 0, 0
38, 42, 17, 24, 0, 0
39, 42, 17, 61, 0, 0
40, 42, 17, 61, 0, 0
41, 42, 17, 78, 0, 0
16, 42, 18, 36, 0, 0
17, 42, 18, 0, 0, 0
18, 42, 18, 0, 0, 0
19, 42, 18, 0, 0, 0
21, 42, 18, 73, 0, 0
34, 42, 18, 56, 0, 0
36, 42, 18, 78, 1, 0
37, 42, 18, 18, 0, 0
38, 42, 18, 0, 0, 0
39, 42, 18, 81, 1, 0
16, 42, 19, 121, 33, 0
18, 42, 19, 0, 0, 0
19, 42, 19, 186, 69, 0
22, 42, 19, 83, 0, 0
23, 42, 19, 73, 0, 0
24, 42, 19, 64, 0, 0
25, 42, 19, 59, 0, 0
26, 42, 19, 68, 0, 0
27, 42, 19, 86, 0, 0
28, 42, 19, 91, 0, 0
29, 42, 19, 74, 0, 0
30, 42, 19, 84, 0, 0
31, 42, 19, 96, 0, 0
32, 42, 19, 83, 0, 0
33, 42, 19, 78, 0, 0
36, 42, 19, 189, 76, 0
37, 42, 19, 18, 0, 0
39, 42, 19, 81, 1, 0
16, 42, 20, 255, 161, 29
17, 42, 20, 255, 177, 38
18, 42, 20, 255, 164, 24
19, 42, 20, 255, 164, 24
36, 42, 20, 255, 169, 31
37, 42, 20, 255, 169, 31
38, 42, 20, 255, 172, 34
39, 42, 20, 254, 131, 13
24, 43, 0, 78, 0, 0
25, 43, 0, 78, 0, 0
26, 43, 0, 24, 0, 0
27, 43, 0, 0, 0, 0
28, 43, 0, 84, 71, 21
29, 43, 0, 84, 71, 21
30, 43, 0, 89, 0, 0
31, 43, 0, 79, 0, 0
23, 43, 1, 51, 0, 0
32, 43, 1, 66, 0, 0
22, 43, 2, 39, 13, 0
33, 43, 2, 23, 3, 0
22, 43, 3, 41, 13, 0
33, 43, 3, 19, 0, 0
22, 43, 4, 36, 8, 0
33, 43, 4, 23, 0, 0
22, 43, 5, 36, 8, 0
33, 43, 5, 29, 6, 0
23, 43, 6, 1, 0, 0
24, 43, 6, 0, 0, 0
31, 43, 6, 0, 0, 0
32, 43, 6, 0, 0, 0
15, 43, 7, 255, 144, 15
16, 43, 7, 255, 152, 19
17, 43, 7, 227, 99, 0
18, 43, 7, 255, 131, 11
19, 43, 7, 222, 108, 0
20, 43, 7, 222, 108, 0
21, 43, 7, 216, 106, 0
25, 43, 7, 0, 0, 0
30, 43, 7, 0, 0, 0
34, 43, 7, 214, 104, 0
35, 43, 7, 214, 104, 0
36, 43, 7, 255, 134, 13
37, 43, 7, 231, 109, 1
38, 43, 7, 232, 104, 0
39, 43, 7, 255, 156, 23
40, 43, 7, 255, 151, 19
15, 43, 8, 234, 106, 0
20, 43, 8, 66, 0, 0
21, 43, 8, 73, 5, 0
23, 43, 8, 38, 0, 0
24, 43, 8, 0, 0, 0
31, 43, 8, 10, 0, 0
32, 43, 8, 10, 0, 0
34, 43, 8, 88, 13, 0
35, 43, 8, 63, 0, 0
40, 43, 8, 254, 91, 0
15, 43, 9, 234, 106, 0
16, 43, 9, 0, 0, 0
17, 43, 9, 0, 0, 0
18, 43, 9, 0, 0, 0
19, 43, 9, 0, 0, 0
20, 43, 9, 0, 0, 0
22, 43, 9, 15, 0, 0
33, 43, 9, 23, 0, 0
35, 43, 9, 0, 0, 0
36, 43, 9, 0, 0, 0
37, 43, 9, 0, 0, 0
38, 43, 9, 0, 0, 0
39, 43, 9, 5, 0, 0
40, 43, 9, 219, 74, 0
20, 43, 10, 0, 0, 0
35, 43, 10, 0, 0, 0
7, 43, 11, 53, 0, 0
8, 43, 11, 31, 0, 0
9, 43, 11, 68, 0, 0
14, 43, 11, 61, 0, 0
15, 43, 11, 43, 0, 0
16, 43, 11, 28, 0, 0
17, 43, 11, 28, 0, 0
18, 43, 11, 0, 0, 0
19, 43, 11, 0, 0, 0
36, 43, 11, 0, 0, 0
37, 43, 11, 0, 0, 0
38, 43, 11, 18, 0, 0
39, 43, 11, 18, 0, 0
40, 43, 11, 36, 0, 0
41, 43, 11, 36, 0, 0
47, 43, 11, 98, 0, 0
48, 43, 11, 74, 0, 0
3, 43, 12, 66, 0, 0
5, 43, 12, 66, 0, 0
7, 43, 12, 53, 0, 0
10, 43, 12, 54, 0, 0
11, 43, 12, 43, 0, 0
12, 43, 12, 74, 0, 0
13, 43, 12, 78, 39, 15
42, 43, 12, 46, 23, 0
43, 43, 12, 78, 0, 0
44, 43, 12, 91, 0, 0
45, 43, 12, 91, 0, 0
46, 43, 12, 78, 0, 0
48, 43, 12, 74, 0, 0
50, 43, 12, 69, 0, 0
52, 43, 12, 69, 0, 0
2, 43, 13, 58, 0, 0
3, 43, 13, 66, 0, 0
4, 43, 13, 66, 0, 0
5, 43, 13, 58, 0, 0
6, 43, 13, 24, 0, 0
49, 43, 13, 46, 0, 0
50, 43, 13, 46, 0, 0
51, 43, 13, 69, 0, 0
52, 43, 13, 69, 0, 0
53, 43, 13, 44, 0, 0
1, 43, 14, 43, 0, 0
2, 43, 14, 51, 0, 0
3, 43, 14, 56, 0, 0
4, 43, 14, 66, 0, 0
5, 43, 14, 51, 0, 0
6, 43, 14, 51, 0, 0
49, 43, 14, 68, 0, 0
50, 43, 14, 68, 0, 0
51, 43, 14, 54, 0, 0
52, 43, 14, 63, 0, 0
53, 43, 14, 71, 0, 0
54, 43, 14, 29, 0, 0
1, 43, 15, 48, 0, 0
2, 43, 15, 51, 0, 0
3, 43, 15, 63, 0, 0
4, 43, 15, 63, 0, 0
5, 43, 15, 68, 0, 0
6, 43, 15, 51, 0, 0
49, 43, 15, 68, 0, 0
50, 43, 15, 66, 0, 0
51, 43, 15, 54, 0, 0
52, 43, 15, 58, 0, 0
53, 43, 15, 78, 0, 0
54, 43, 15, 66, 0, 0
1, 43, 16, 48, 0, 0
2, 43, 16, 39, 0, 0
3, 43, 16, 63, 0, 0
4, 43, 16, 63, 0, 0
7, 43, 16, 49, 0, 0
8, 43, 16, 61, 0, 0
9, 43, 16, 71, 0, 0
10, 43, 16, 69, 0, 0
11, 43, 16, 54, 0, 0
12, 43, 16, 29, 0, 0
13, 43, 16, 0, 0, 0
42, 43, 16, 0, 0, 0
43, 43, 16, 0, 0, 0
44, 43, 16, 31, 0, 0
45, 43, 16, 38, 0, 0
46, 43, 16, 43, 0, 0
47, 43, 16, 43, 0, 0
48, 43, 16, 46, 0, 0
51, 43, 16, 54, 0, 0
52, 43, 16, 49, 0, 0
53, 43, 16, 78, 0, 0
54, 43, 16, 58, 0, 0
14, 43, 17, 33, 0, 0
18, 43, 17, 0, 0, 0
19, 43, 17, 0, 0, 0
36, 43, 17, 0, 0, 0
37, 43, 17, 0, 0, 0
41, 43, 17, 19, 0, 0
15, 43, 18, 167, 66, 0
20, 43, 18, 56, 0, 0
35, 43, 18, 18, 0, 0
40, 43, 18, 146, 38, 0
15, 43, 19, 240, 111, 6
20, 43, 19, 254, 116, 3
21, 43, 19, 209, 84, 0
22, 43, 19, 81, 0, 0
23, 43, 19, 64, 0, 0
24, 43, 19, 59, 0, 0
25, 43, 19, 59, 0, 0
26, 43, 19, 68, 0, 0
27, 43, 19, 86, 0, 0
28, 43, 19, 104, 0, 0
29, 43, 19, 58, 0, 0
30, 43, 19, 84, 0, 0
31, 43, 19, 86, 0, 0
32, 43, 19, 96, 0, 0
33, 43, 19, 78, 0, 0
34, 43, 19, 217, 99, 0
35, 43, 19, 255, 139, 15
40, 43, 19, 219, 93, 0
15, 43, 20, 255, 147, 19
16, 43, 20, 255, 177, 34
17, 43, 20, 255, 157, 24
18, 43, 20, 255, 154, 21
19, 43, 20, 255, 164, 24
20, 43, 20, 254, 116, 3
35, 43, 20, 255, 139, 15
36, 43, 20, 255, 194, 39
37, 43, 20, 255, 166, 29
38, 43, 20, 255, 166, 29
39, 43, 20, 255, 161, 24
40, 43, 20, 219, 93, 0
23, 44, 0, 68, 0, 0
24, 44, 0, 68, 0, 0
25, 44, 0, 88, 0, 0
26, 44, 0, 113, 16, 0
27, 44, 0, 126, 53, 0
28, 44, 0, 84, 71, 21
29, 44, 0, 84, 71, 21
30, 44, 0, 91, 0, 0
31, 44, 0, 73, 0, 0
32, 44, 0, 73, 0, 0
22, 44, 1, 98, 0, 0
33, 44, 1, 111, 0, 0
22, 44, 2, 48, 0, 0
33, 44, 2, 53, 0, 0
22, 44, 3, 49, 0, 0
33, 44, 3, 28, 0, 0
22, 44, 4, 16, 0, 0
33, 44, 4, 48, 0, 0
22, 44, 5, 34, 0, 0
33, 44, 5, 18, 0, 0
22, 44, 6, 39, 0, 0
33, 44, 6, 23, 0, 0
15, 44, 7, 255, 144, 15
16, 44, 7, 255, 137, 13
17, 44, 7, 227, 98, 0
19, 44, 7, 255, 121, 8
20, 44, 7, 255, 131, 11
21, 44, 7, 255, 131, 11
22, 44, 7, 66, 0, 0
23, 44, 7, 23, 0, 0
24, 44, 7, 0, 0, 0
31, 44, 7, 0, 0, 0
32, 44, 7, 28, 0, 0
33, 44, 7, 94, 18, 0
34, 44, 7, 255, 129, 11
35, 44, 7, 255, 129, 11
36, 44, 7, 255, 126, 10
38, 44, 7, 255, 136, 15
39, 44, 7, 255, 136, 15
40, 44, 7, 255, 151, 19
15, 44, 8, 234, 106, 0
18, 44, 8, 68, 0, 0
22, 44, 8, 166, 64, 0
33, 44, 8, 192, 81, 0
37, 44, 8, 79, 0, 0
40, 44, 8, 254, 91, 0
15, 44, 9, 46, 0, 0
40, 44, 9, 108, 3, 0
16, 44, 10, 0, 0, 0
17, 44, 10, 0, 0, 0
18, 44, 10, 0, 0, 0
19, 44, 10, 0, 0, 0
36, 44, 10, 0, 0, 0
37, 44, 10, 0, 0, 0
38, 44, 10, 0, 0, 0
39, 44, 10, 0, 0, 0
14, 44, 11, 128, 39, 0
15, 44, 11, 61, 0, 0
16, 44, 11, 5, 0, 0
17, 44, 11, 0, 0, 0
19, 44, 11, 0, 0, 0
20, 44, 11, 0, 0, 0
35, 44, 11, 0, 0, 0
36, 44, 11, 0, 0, 0
38, 44, 11, 5, 0, 0
39, 44, 11, 16, 0, 0
40, 44, 11, 36, 0, 0
41, 44, 11, 84, 11, 0
7, 44, 12, 58, 0, 0
8, 44, 12, 58, 0, 0
9, 44, 12, 48, 0, 0
10, 44, 12, 39, 0, 0
11, 44, 12, 51, 0, 0
12, 44, 12, 51, 0, 0
13, 44, 12, 76, 39, 13
18, 44, 12, 0, 0, 0
37, 44, 12, 0, 0, 0
42, 44, 12, 44, 21, 0
43, 44, 12, 78, 0, 0
44, 44, 12, 99, 0, 0
45, 44, 12, 78, 0, 0
46, 44, 12, 78, 0, 0
47, 44, 12, 76, 0, 0
48, 44, 12, 76, 0, 0
7, 44, 13, 48, 0, 0
8, 44, 13, 58, 0, 0
9, 44, 13, 56, 0, 0
10, 44, 13, 48, 0, 0
11, 44, 13, 38, 0, 0
44, 44, 13, 88, 0, 0
45, 44, 13, 84, 0, 0
46, 44, 13, 71, 0, 0
47, 44, 13, 74, 0, 0
48, 44, 13, 66, 0, 0
7, 44, 14, 48, 0, 0
8, 44, 14, 61, 0, 0
9, 44, 14, 61, 0, 0
10, 44, 14, 51, 0, 0
45, 44, 14, 46, 0, 0
46, 44, 14, 39, 0, 0
47, 44, 14, 74, 0, 0
48, 44, 14, 66, 0, 0
7, 44, 15, 58, 0, 0
8, 44, 15, 66, 0, 0
9, 44, 15, 66, 0, 0
10, 44, 15, 56, 0, 0
11, 44, 15, 56, 0, 0
44, 44, 15, 36, 0, 0
45, 44, 15, 68, 0, 0
46, 44, 15, 73, 0, 0
47, 44, 15, 73, 0, 0
48, 44, 15, 73, 0, 0
10, 44, 16, 74, 0, 0
11, 44, 16, 54, 0, 0
12, 44, 16, 48, 0, 0
13, 44, 16, 31, 0, 0
14, 44, 16, 31, 0, 0
41, 44, 16, 19, 0, 0
42, 44, 16, 19, 0, 0
43, 44, 16, 24, 0, 0
44, 44, 16, 31, 0, 0
45, 44, 16, 48, 0, 0
15, 44, 17, 0, 0, 0
40, 44, 17, 19, 0, 0
15, 44, 18, 76, 1, 0
25, 44, 18, 255, 149, 19
26, 44, 18, 255, 156, 23
27, 44, 18, 255, 156, 23
28, 44, 18, 255, 146, 18
29, 44, 18, 255, 144, 18
30, 44, 18, 255, 142, 18
40, 44, 18, 96, 11, 0
15, 44, 19, 255, 134, 15
17, 44, 19, 79, 0, 0
18, 44, 19, 56, 0, 0
19, 44, 19, 255, 113, 1
20, 44, 19, 255, 154, 19
21, 44, 19, 255, 141, 15
22, 44, 19, 255, 141, 13
23, 44, 19, 63, 0, 0
24, 44, 19, 38, 0, 0
31, 44, 19, 86, 0, 0
32, 44, 19, 83, 0, 0
33, 44, 19, 255, 157, 23
34, 44, 19, 255, 167, 28
35, 44, 19, 255, 156, 21
36, 44, 19, 254, 118, 6
37, 44, 19, 63, 0, 0
38, 44, 19, 64, 0, 0
40, 44, 19, 255, 134, 13
16, 44, 20, 255, 177, 34
17, 44, 20, 255, 156, 23
19, 44, 20, 255, 129, 8
36, 44, 20, 255, 194, 39
38, 44, 20, 255, 167, 29
39, 44, 20, 255, 161, 24
22, 45, 0, 56, 0, 0
23, 45, 0, 53, 0, 0
24, 45, 0, 54, 0, 0
25, 45, 0, 54, 0, 0
26, 45, 0, 53, 0, 0
27, 45, 0, 108, 0, 0
28, 45, 0, 91, 0, 0
29, 45, 0, 91, 0, 0
30, 45, 0, 66, 0, 0
31, 45, 0, 73, 0, 0
32, 45, 0, 81, 0, 0
33, 45, 0, 81, 0, 0
22, 45, 1, 96, 0, 0
33, 45, 1, 114, 0, 0
22, 45, 2, 66, 0, 0
33, 45, 2, 73, 0, 0
18, 45, 3, 157, 99, 89
19, 45, 3, 157, 99, 89
20, 45, 3, 111, 61, 51
21, 45, 3, 103, 61, 51
34, 45, 3, 111, 61, 51
35, 45, 3, 152, 86, 74
36, 45, 3, 152, 86, 74
37, 45, 3, 154, 98, 86
18, 45, 4, 139, 86, 76
19, 45, 4, 108, 56, 48
20, 45, 4, 111, 61, 51
21, 45, 4, 79, 38, 29
34, 45, 4, 78, 34, 26
35, 45, 4, 88, 43, 33
36, 45, 4, 114, 63, 53
37, 45, 4, 147, 93, 83
22, 45, 5, 34, 0, 0
33, 45, 5, 18, 0, 0
22, 45, 6, 41, 0, 0
33, 45, 6, 16, 0, 0
15, 45, 7, 255, 146, 16
16, 45, 7, 255, 146, 16
22, 45, 7, 56, 0, 0
33, 45, 7, 66, 0, 0
39, 45, 7, 255, 174, 29
40, 45, 7, 255, 181, 34
14, 45, 8, 255, 159, 23
17, 45, 8, 61, 0, 0
18, 45, 8, 68, 0, 0
19, 45, 8, 68, 0, 0
20, 45, 8, 56, 0, 0
21, 45, 8, 172, 63, 0
22, 45, 8, 216, 94, 0
23, 45, 8, 216, 94, 0
24, 45, 8, 71, 0, 0
31, 45, 8, 44, 0, 0
32, 45, 8, 167, 63, 0
33, 45, 8, 234, 108, 1
34, 45, 8, 255, 132, 13
35, 45, 8, 46, 0, 0
36, 45, 8, 83, 0, 0
37, 45, 8, 89, 0, 0
38, 45, 8, 61, 0, 0
41, 45, 8, 255, 121, 3
14, 45, 9, 186, 76, 0
41, 45, 9, 144, 46, 0
14, 45, 10, 186, 76, 0
15, 45, 10, 3, 0, 0
16, 45, 10, 0, 0, 0
17, 45, 10, 0, 0, 0
18, 45, 10, 0, 0, 0
19, 45, 10, 0, 0, 0
20, 45, 10, 0, 0, 0
35, 45, 10, 0, 0, 0
36, 45, 10, 0, 0, 0
37, 45, 10, 0, 0, 0
38, 45, 10, 0, 0, 0
39, 45, 10, 0, 0, 0
40, 45, 10, 0, 0, 0
41, 45, 10, 144, 46, 0
21, 45, 11, 0, 0, 0
34, 45, 11, 0, 0, 0
14, 45, 12, 59, 0, 0
15, 45, 12, 39, 0, 0
16, 45, 12, 0, 0, 0
17, 45, 12, 0, 0, 0
18, 45, 12, 0, 0, 0
19, 45, 12, 0, 0, 0
20, 45, 12, 0, 0, 0
35, 45, 12, 0, 0, 0
36, 45, 12, 0, 0, 0
37, 45, 12, 0, 0, 0
38, 45, 12, 0, 0, 0
39, 45, 12, 0, 0, 0
40, 45, 12, 23, 0, 0
41, 45, 12, 63, 0, 0
12, 45, 13, 31, 0, 0
13, 45, 13, 28, 8, 0
14, 45, 13, 39, 0, 0
41, 45, 13, 23, 0, 0
42, 45, 13, 31, 11, 0
43, 45, 13, 98, 0, 0
11, 45, 14, 34, 0, 0
12, 45, 14, 34, 0, 0
13, 45, 14, 11, 0, 0
14, 45, 14, 6, 0, 0
41, 45, 14, 0, 0, 0
42, 45, 14, 8, 0, 0
43, 45, 14, 49, 0, 0
44, 45, 14, 49, 0, 0
12, 45, 15, 29, 0, 0
13, 45, 15, 58, 0, 0
43, 45, 15, 15, 0, 0
13, 45, 16, 0, 0, 0
42, 45, 16, 26, 0, 0
14, 45, 17, 144, 26, 0
25, 45, 17, 182, 88, 0
26, 45, 17, 23, 0, 0
27, 45, 17, 0, 0, 0
28, 45, 17, 0, 0, 0
29, 45, 17, 33, 0, 0
30, 45, 17, 0, 0, 0
41, 45, 17, 76, 0, 0
14, 45, 18, 212, 78, 0
17, 45, 18, 81, 0, 0
18, 45, 18, 88, 0, 0
19, 45, 18, 79, 0, 0
20, 45, 18, 74, 0, 0
23, 45, 18, 217, 101, 0
24, 45, 18, 179, 78, 0
31, 45, 18, 212, 94, 0
32, 45, 18, 249, 124, 8
36, 45, 18, 104, 0, 0
37, 45, 18, 99, 6, 0
38, 45, 18, 59, 0, 0
41, 45, 18, 174, 53, 0
14, 45, 19, 255, 141, 18
15, 45, 19, 255, 152, 21
16, 45, 19, 255, 121, 6
21, 45, 19, 255, 141, 15
22, 45, 19, 255, 141, 13
33, 45, 19, 255, 182, 34
34, 45, 19, 255, 136, 13
35, 45, 19, 255, 136, 13
39, 45, 19, 255, 174, 38
40, 45, 19, 255, 134, 13
41, 45, 19, 254, 109, 3
22, 46, 0, 56, 0, 0
23, 46, 0, 56, 0, 0
24, 46, 0, 83, 0, 0
25, 46, 0, 83, 0, 0
26, 46, 0, 44, 0, 0
27, 46, 0, 71, 0, 0
28, 46, 0, 81, 0, 0
29, 46, 0, 61, 0, 0
30, 46, 0, 81, 0, 0
31, 46, 0, 81, 0, 0
32, 46, 0, 89, 0, 0
33, 46, 0, 116, 0, 0
22, 46, 1, 93, 0, 0
34, 46, 1, 98, 0, 0
22, 46, 2, 51, 0, 0
34, 46, 2, 56, 0, 0
17, 46, 3, 154, 99, 88
18, 46, 3, 157, 99, 89
19, 46, 3, 144, 86, 74
20, 46, 3, 131, 76, 66
21, 46, 3, 113, 66, 54
35, 46, 3, 151, 84, 74
36, 46, 3, 151, 84, 74
37, 46, 3, 157, 93, 81
38, 46, 3, 156, 91, 79
17, 46, 4, 132, 81, 71
18, 46, 4, 123, 71, 61
19, 46, 4, 94, 48, 39
20, 46, 4, 94, 48, 39
35, 46, 4, 73, 31, 23
36, 46, 4, 101, 49, 41
37, 46, 4, 144, 84, 73
38, 46, 4, 164, 93, 81
21, 46, 5, 36, 0, 0
34, 46, 5, 15, 0, 0
21, 46, 6, 36, 0, 0
34, 46, 6, 13, 0, 0
22, 46, 7, 66, 0, 0
23, 46, 7, 6, 0, 0
24, 46, 7, 0, 0, 0
31, 46, 7, 0, 0, 0
32, 46, 7, 0, 0, 0
33, 46, 7, 71, 0, 0
34, 46, 7, 108, 3, 0
14, 46, 8, 255, 167, 28
15, 46, 8, 242, 99, 0
16, 46, 8, 242, 99, 0
25, 46, 8, 197, 83, 0
26, 46, 8, 172, 69, 0
27, 46, 8, 202, 91, 0
28, 46, 8, 156, 59, 0
29, 46, 8, 136, 43, 0
30, 46, 8, 64, 3, 0
39, 46, 8, 255, 128, 11
40, 46, 8, 255, 128, 11
41, 46, 8, 255, 141, 13
14, 46, 9, 255, 167, 28
17, 46, 9, 69, 0, 0
18, 46, 9, 74, 0, 0
19, 46, 9, 69, 0, 0
20, 46, 9, 69, 0, 0
21, 46, 9, 58, 0, 0
22, 46, 9, 91, 0, 0
23, 46, 9, 250, 123, 10
24, 46, 9, 222, 98, 0
25, 46, 9, 197, 83, 0
26, 46, 9, 0, 0, 0
27, 46, 9, 0, 0, 0
28, 46, 9, 0, 0, 0
29, 46, 9, 98, 19, 0
30, 46, 9, 64, 3, 0
31, 46, 9, 212, 88, 0
32, 46, 9, 237, 101, 0
33, 46, 9, 103, 0, 0
34, 46, 9, 83, 0, 0
35, 46, 9, 93, 6, 0
36, 46, 9, 93, 6, 0
37, 46, 9, 83, 0, 0
38, 46, 9, 101, 0, 0
41, 46, 9, 255, 137, 11
14, 46, 10, 186, 76, 0
41, 46, 10, 144, 46, 0
14, 46, 11, 123, 33, 0
15, 46, 11, 0, 0, 0
16, 46, 11, 0, 0, 0
17, 46, 11, 0, 0, 0
18, 46, 11, 0, 0, 0
19, 46, 11, 0, 0, 0
20, 46, 11, 0, 0, 0
35, 46, 11, 0, 0, 0
36, 46, 11, 0, 0, 0
37, 46, 11, 0, 0, 0
38, 46, 11, 0, 0, 0
39, 46, 11, 0, 0, 0
40, 46, 11, 0, 0, 0
41, 46, 11, 111, 38, 0
42, 46, 11, 255, 182, 34
15, 46, 12, 0, 0, 0
40, 46, 12, 0, 0, 0
15, 46, 13, 0, 0, 0
40, 46, 13, 0, 0, 0
15, 46, 14, 6, 0, 0
40, 46, 14, 0, 0, 0
14, 46, 15, 179, 44, 0
41, 46, 15, 61, 0, 0
42, 46, 15, 61, 0, 0
14, 46, 16, 66, 0, 0
42, 46, 16, 239, 88, 0
14, 46, 17, 144, 26, 0
23, 46, 17, 197, 46, 0
24, 46, 17, 255, 128, 6
25, 46, 17, 79, 34, 1
26, 46, 17, 34, 0, 0
27, 46, 17, 0, 0, 0
28, 46, 17, 0, 0, 0
29, 46, 17, 28, 0, 0
30, 46, 17, 56, 26, 1
31, 46, 17, 255, 118, 3
32, 46, 17, 227, 93, 0
41, 46, 17, 76, 0, 0
14, 46, 18, 255, 167, 28
16, 46, 18, 78, 0, 0
17, 46, 18, 81, 0, 0
18, 46, 18, 78, 0, 0
19, 46, 18, 73, 0, 0
20, 46, 18, 74, 0, 0
21, 46, 18, 74, 0, 0
22, 46, 18, 255, 137, 13
23, 46, 18, 255, 137, 13
32, 46, 18, 255, 154, 21
33, 46, 18, 255, 154, 21
34, 46, 18, 128, 34, 0
35, 46, 18, 128, 34, 0
36, 46, 18, 108, 19, 0
37, 46, 18, 99, 6, 0
38, 46, 18, 103, 5, 0
39, 46, 18, 84, 0, 0
41, 46, 18, 255, 147, 19
14, 46, 19, 255, 176, 34
15, 46, 19, 255, 121, 6
16, 46, 19, 255, 121, 6
39, 46, 19, 255, 186, 46
40, 46, 19, 255, 186, 46
41, 46, 19, 255, 137, 15
22, 47, 0, 63, 0, 0
23, 47, 0, 89, 0, 0
24, 47, 0, 89, 0, 0
25, 47, 0, 89, 0, 0
26, 47, 0, 83, 0, 0
27, 47, 0, 71, 0, 0
28, 47, 0, 94, 0, 0
29, 47, 0, 83, 0, 0
30, 47, 0, 86, 0, 0
31, 47, 0, 86, 0, 0
32, 47, 0, 71, 0, 0
33, 47, 0, 63, 0, 0
34, 47, 0, 63, 0, 0
21, 47, 1, 69, 0, 0
34, 47, 1, 98, 0, 0
21, 47, 2, 69, 0, 0
34, 47, 2, 56, 0, 0
9, 47, 3, 144, 0, 0
10, 47, 3, 33, 0, 0
11, 47, 3, 33, 0, 0
12, 47, 3, 151, 16, 0
16, 47, 3, 151, 94, 81
17, 47, 3, 154, 99, 88
18, 47, 3, 156, 89, 78
19, 47, 3, 121, 68, 56
20, 47, 3, 121, 69, 58
35, 47, 3, 119, 68, 56
36, 47, 3, 119, 68, 56
37, 47, 3, 164, 94, 83
38, 47, 3, 177, 108, 94
39, 47, 3, 177, 108, 94
43, 47, 3, 197, 64, 0
44, 47, 3, 99, 0, 0
45, 47, 3, 123, 31, 0
46, 47, 3, 182, 28, 0
9, 47, 4, 93, 0, 0
10, 47, 4, 93, 0, 0
11, 47, 4, 31, 0, 0
16, 47, 4, 147, 96, 84
17, 47, 4, 147, 96, 84
18, 47, 4, 83, 39, 31
19, 47, 4, 103, 54, 46
20, 47, 4, 103, 54, 46
35, 47, 4, 64, 26, 19
36, 47, 4, 84, 41, 33
37, 47, 4, 104, 58, 48
38, 47, 4, 177, 108, 96
39, 47, 4, 177, 108, 96
44, 47, 4, 104, 0, 0
45, 47, 4, 104, 0, 0
46, 47, 4, 81, 0, 0
21, 47, 5, 36, 0, 0
34, 47, 5, 15, 0, 0
21, 47, 6, 49, 0, 0
34, 47, 6, 11, 0, 0
21, 47, 7, 142, 29, 0
22, 47, 7, 46, 0, 0
23, 47, 7, 3, 0, 0
24, 47, 7, 0, 0, 0
25, 47, 7, 0, 0, 0
26, 47, 7, 0, 0, 0
27, 47, 7, 0, 0, 0
28, 47, 7, 0, 0, 0
29, 47, 7, 0, 0, 0
30, 47, 7, 0, 0, 0
31, 47, 7, 0, 0, 0
32, 47, 7, 3, 0, 0
33, 47, 7, 71, 0, 0
34, 47, 7, 78, 0, 0
15, 47, 8, 255, 146, 18
40, 47, 8, 255, 139, 15
13, 47, 9, 255, 129, 8
14, 47, 9, 255, 159, 23
15, 47, 9, 250, 113, 3
16, 47, 9, 69, 0, 0
17, 47, 9, 69, 0, 0
18, 47, 9, 59, 0, 0
19, 47, 9, 68, 0, 0
20, 47, 9, 68, 0, 0
35, 47, 9, 0, 0, 0
36, 47, 9, 0, 0, 0
37, 47, 9, 83, 0, 0
38, 47, 9, 91, 0, 0
39, 47, 9, 91, 0, 0
40, 47, 9, 252, 119, 8
41, 47, 9, 255, 131, 8
42, 47, 9, 255, 147, 15
13, 47, 10, 255, 152, 18
15, 47, 10, 94, 0, 0
21, 47, 10, 63, 0, 0
22, 47, 10, 93, 3, 0
23, 47, 10, 89, 0, 0
24, 47, 10, 255, 129, 11
25, 47, 10, 0, 0, 0
26, 47, 10, 0, 0, 0
27, 47, 10, 0, 0, 0
28, 47, 10, 0, 0, 0
29, 47, 10, 5, 0, 0
30, 47, 10, 8, 0, 0
31, 47, 10, 247, 113, 3
32, 47, 10, 96, 0, 0
33, 47, 10, 96, 0, 0
34, 47, 10, 88, 13, 0
40, 47, 10, 86, 0, 0
42, 47, 10, 255, 177, 31
13, 47, 11, 255, 147, 16
24, 47, 11, 255, 137, 16
31, 47, 11, 255, 124, 10
42, 47, 11, 255, 182, 34
13, 47, 12, 174, 61, 0
14, 47, 12, 0, 0, 0
41, 47, 12, 0, 0, 0
42, 47, 12, 162, 69, 0
13, 47, 13, 206, 88, 0
14, 47, 13, 0, 0, 0
41, 47, 13, 0, 0, 0
42, 47, 13, 162, 63, 0
13, 47, 14, 221, 83, 0
14, 47, 14, 0, 0, 0
41, 47, 14, 0, 0, 0
42, 47, 14, 154, 51, 0
13, 47, 15, 179, 44, 0
42, 47, 15, 154, 38, 0
13, 47, 16, 255, 111, 3
23, 47, 16, 74, 0, 0
24, 47, 16, 151, 19, 0
31, 47, 16, 121, 8, 0
32, 47, 16, 91, 0, 0
42, 47, 16, 255, 123, 8
13, 47, 17, 255, 119, 8
15, 47, 17, 111, 0, 0
16, 47, 17, 74, 0, 0
17, 47, 17, 74, 0, 0
18, 47, 17, 68, 0, 0
19, 47, 17, 59, 0, 0
20, 47, 17, 78, 0, 0
21, 47, 17, 78, 0, 0
22, 47, 17, 78, 0, 0
25, 47, 17, 83, 41, 15
26, 47, 17, 26, 0, 0
29, 47, 17, 104, 0, 0
30, 47, 17, 64, 36, 10
33, 47, 17, 109, 16, 0
34, 47, 17, 152, 124, 73
35, 47, 17, 124, 126, 86
36, 47, 17, 124, 126, 86
37, 47, 17, 84, 119, 69
38, 47, 17, 53, 0, 0
39, 47, 17, 53, 0, 0
40, 47, 17, 46, 0, 0
42, 47, 17, 255, 137, 15
14, 47, 18, 255, 167, 28
15, 47, 18, 255, 134, 13
27, 47, 18, 78, 0, 0
28, 47, 18, 111, 0, 0
40, 47, 18, 255, 152, 23
41, 47, 18, 255, 147, 19
21, 48, 0, 53, 0, 0
22, 48, 0, 63, 0, 0
23, 48, 0, 113, 0, 0
24, 48, 0, 113, 0, 0
25, 48, 0, 83, 0, 0
26, 48, 0, 83, 0, 0
27, 48, 0, 69, 0, 0
28, 48, 0, 69, 0, 0
29, 48, 0, 83, 0, 0
30, 48, 0, 78, 0, 0
31, 48, 0, 103, 0, 0
32, 48, 0, 58, 0, 0
33, 48, 0, 68, 0, 0
34, 48, 0, 56, 0, 0
21, 48, 1, 74, 0, 0
34, 48, 1, 98, 0, 0
8, 48, 2, 108, 0, 0
9, 48, 2, 0, 0, 0
10, 48, 2, 0, 0, 0
11, 48, 2, 0, 0, 0
12, 48, 2, 0, 0, 0
13, 48, 2, 118, 0, 0
21, 48, 2, 69, 0, 0
34, 48, 2, 49, 0, 0
42, 48, 2, 111, 0, 0
43, 48, 2, 0, 0, 0
44, 48, 2, 0, 0, 0
45, 48, 2, 0, 0, 0
46, 48, 2, 0, 0, 0
47, 48, 2, 129, 0, 0
8, 48, 3, 71, 0, 0
13, 48, 3, 23, 0, 0
16, 48, 3, 151, 94, 81
17, 48, 3, 142, 78, 66
18, 48, 3, 136, 74, 63
19, 48, 3, 121, 68, 56
20, 48, 3, 121, 68, 56
35, 48, 3, 119, 68, 56
36, 48, 3, 119, 68, 56
37, 48, 3, 192, 113, 101
38, 48, 3, 176, 103, 89
39, 48, 3, 159, 91, 79
42, 48, 3, 38, 0, 0
47, 48, 3, 63, 0, 0
8, 48, 4, 113, 0, 0
12, 48, 4, 23, 0, 0
13, 48, 4, 23, 0, 0
16, 48, 4, 147, 96, 84
17, 48, 4, 74, 34, 26
18, 48, 4, 93, 49, 41
19, 48, 4, 103, 54, 46
20, 48, 4, 103, 54, 46
35, 48, 4, 84, 41, 33
36, 48, 4, 84, 41, 33
37, 48, 4, 104, 58, 48
38, 48, 4, 114, 66, 56
39, 48, 4, 177, 108, 96
42, 48, 4, 38, 0, 0
43, 48, 4, 36, 0, 0
47, 48, 4, 106, 0, 0
8, 48, 5, 88, 0, 0
9, 48, 5, 94, 0, 0
10, 48, 5, 43, 0, 0
11, 48, 5, 33, 0, 0
12, 48, 5, 23, 0, 0
21, 48, 5, 41, 0, 0
34, 48, 5, 13, 0, 0
43, 48, 5, 36, 0, 0
44, 48, 5, 49, 0, 0
45, 48, 5, 54, 0, 0
46, 48, 5, 91, 0, 0
47, 48, 5, 86, 0, 0
9, 48, 6, 119, 0, 0
10, 48, 6, 96, 0, 0
11, 48, 6, 73, 0, 0
12, 48, 6, 73, 0, 0
21, 48, 6, 49, 0, 0
34, 48, 6, 11, 0, 0
43, 48, 6, 64, 0, 0
44, 48, 6, 64, 0, 0
45, 48, 6, 94, 0, 0
46, 48, 6, 94, 0, 0
21, 48, 7, 83, 0, 0
22, 48, 7, 46, 0, 0
23, 48, 7, 0, 0, 0
24, 48, 7, 0, 0, 0
25, 48, 7, 0, 0, 0
26, 48, 7, 0, 0, 0
27, 48, 7, 11, 0, 0
28, 48, 7, 11, 0, 0
29, 48, 7, 0, 0, 0
30, 48, 7, 26, 0, 0
31, 48, 7, 41, 0, 0
32, 48, 7, 5, 0, 0
33, 48, 7, 13, 0, 0
34, 48, 7, 78, 0, 0
13, 48, 10, 255, 156, 19
14, 48, 10, 255, 146, 16
16, 48, 10, 79, 0, 0
17, 48, 10, 81, 0, 0
18, 48, 10, 93, 3, 0
19, 48, 10, 93, 3, 0
20, 48, 10, 103, 11, 0
21, 48, 10, 63, 0, 0
26, 48, 10, 10, 0, 0
27, 48, 10, 5, 0, 0
28, 48, 10, 10, 0, 0
29, 48, 10, 21, 0, 0
34, 48, 10, 78, 15, 0
35, 48, 10, 0, 0, 0
36, 48, 10, 0, 0, 0
37, 48, 10, 0, 0, 0
38, 48, 10, 0, 0, 0
39, 48, 10, 79, 3, 0
41, 48, 10, 255, 128, 8
42, 48, 10, 255, 152, 18
13, 48, 11, 255, 162, 23
15, 48, 11, 48, 0, 0
16, 48, 11, 66, 0, 0
17, 48, 11, 156, 61, 0
22, 48, 11, 93, 0, 0
23, 48, 11, 68, 0, 0
25, 48, 11, 24, 0, 0
30, 48, 11, 39, 0, 0
32, 48, 11, 217, 111, 3
33, 48, 11, 109, 36, 0
38, 48, 11, 1, 0, 0
39, 48, 11, 142, 54, 0
40, 48, 11, 123, 21, 0
42, 48, 11, 255, 184, 36
13, 48, 12, 255, 162, 23
15, 48, 12, 63, 0, 0
23, 48, 12, 81, 0, 0
24, 48, 12, 53, 0, 0
31, 48, 12, 38, 0, 0
32, 48, 12, 191, 91, 0
40, 48, 12, 151, 51, 0
42, 48, 12, 255, 194, 43
13, 48, 13, 255, 171, 28
15, 48, 13, 89, 0, 0
23, 48, 13, 81, 0, 0
32, 48, 13, 191, 91, 0
40, 48, 13, 156, 48, 0
42, 48, 13, 255, 189, 38
13, 48, 14, 255, 172, 31
15, 48, 14, 66, 0, 0
40, 48, 14, 172, 74, 0
42, 48, 14, 255, 199, 41
13, 48, 15, 255, 164, 26
15, 48, 15, 59, 0, 0
16, 48, 15, 68, 0, 0
24, 48, 15, 86, 0, 0
31, 48, 15, 49, 0, 0
32, 48, 15, 181, 81, 0
39, 48, 15, 172, 74, 0
40, 48, 15, 157, 51, 0
42, 48, 15, 255, 184, 34
13, 48, 16, 255, 167, 29
15, 48, 16, 43, 0, 0
16, 48, 16, 68, 0, 0
17, 48, 16, 157, 61, 0
18, 48, 16, 129, 39, 0
19, 48, 16, 129, 39, 0
20, 48, 16, 103, 15, 0
21, 48, 16, 74, 0, 0
22, 48, 16, 108, 13, 0
23, 48, 16, 46, 0, 0
25, 48, 16, 63, 0, 0
30, 48, 16, 28, 29, 0
33, 48, 16, 206, 108, 5
34, 48, 16, 149, 89, 18
35, 48, 16, 118, 156, 109
36, 48, 16, 48, 103, 56
37, 48, 16, 48, 103, 56
38, 48, 16, 28, 26, 0
39, 48, 16, 101, 28, 0
40, 48, 16, 18, 0, 0
42, 48, 16, 255, 184, 34
14, 48, 17, 255, 172, 33
17, 48, 17, 99, 11, 0
18, 48, 17, 66, 0, 0
19, 48, 17, 61, 0, 0
25, 48, 17, 58, 0, 0
30, 48, 17, 68, 0, 0
36, 48, 17, 84, 119, 69
37, 48, 17, 84, 119, 69
38, 48, 17, 49, 53, 10
41, 48, 17, 255, 164, 29
26, 48, 18, 231, 113, 1
27, 48, 18, 211, 86, 0
28, 48, 18, 211, 69, 0
29, 48, 18, 255, 141, 15
9, 49, 0, 254, 96, 0
10, 49, 0, 254, 96, 0
11, 49, 0, 86, 5, 0
12, 49, 0, 171, 10, 0
21, 49, 0, 76, 0, 0
22, 49, 0, 106, 0, 0
23, 49, 0, 106, 0, 0
24, 49, 0, 113, 0, 0
25, 49, 0, 124, 0, 0
26, 49, 0, 162, 28, 0
27, 49, 0, 174, 33, 0
28, 49, 0, 177, 34, 0
29, 49, 0, 164, 11, 0
30, 49, 0, 174, 28, 0
31, 49, 0, 103, 0, 0
32, 49, 0, 58, 0, 0
33, 49, 0, 58, 0, 0
34, 49, 0, 61, 0, 0
43, 49, 0, 171, 31, 0
44, 49, 0, 152, 61, 0
45, 49, 0, 247, 98, 0
46, 49, 0, 247, 98, 0
8, 49, 1, 98, 0, 0
9, 49, 1, 66, 0, 0
10, 49, 1, 0, 0, 0
11, 49, 1, 23, 0, 0
12, 49, 1, 64, 0, 0
13, 49, 1, 84, 0, 0
20, 49, 1, 64, 0, 0
35, 49, 1, 96, 0, 0
42, 49, 1, 74, 0, 0
43, 49, 1, 71, 0, 0
44, 49, 1, 3, 0, 0
45, 49, 1, 0, 0, 0
46, 49, 1, 81, 0, 0
47, 49, 1, 109, 0, 0
7, 49, 2, 86, 0, 0
13, 49, 2, 64, 0, 0
20, 49, 2, 34, 0, 0
35, 49, 2, 53, 0, 0
42, 49, 2, 58, 0, 0
48, 49, 2, 79, 0, 0
7, 49, 3, 71, 0, 0
14, 49, 3, 84, 0, 0
15, 49, 3, 124, 74, 63
16, 49, 3, 124, 74, 63
17, 49, 3, 116, 68, 56
18, 49, 3, 101, 53, 43
19, 49, 3, 118, 61, 51
36, 49, 3, 149, 88, 76
37, 49, 3, 192, 113, 101
38, 49, 3, 192, 113, 101
39, 49, 3, 176, 103, 89
40, 49, 3, 159, 91, 79
41, 49, 3, 44, 0, 0
48, 49, 3, 63, 0, 0
7, 49, 4, 71, 0, 0
14, 49, 4, 84, 0, 0
15, 49, 4, 126, 78, 64
16, 49, 4, 126, 78, 64
17, 49, 4, 93, 49, 41
18, 49, 4, 93, 49, 41
37, 49, 4, 119, 68, 56
38, 49, 4, 123, 71, 61
39, 49, 4, 146, 84, 74
40, 49, 4, 118, 69, 59
41, 49, 4, 31, 0, 0
48, 49, 4, 63, 0, 0
8, 49, 5, 88, 0, 0
13, 49, 5, 44, 0, 0
19, 49, 5, 88, 46, 36
20, 49, 5, 51, 0, 0
35, 49, 5, 23, 0, 0
36, 49, 5, 108, 61, 51
42, 49, 5, 33, 0, 0
47, 49, 5, 89, 0, 0
8, 49, 6, 73, 0, 0
9, 49, 6, 96, 0, 0
12, 49, 6, 44, 0, 0
13, 49, 6, 44, 0, 0
20, 49, 6, 64, 0, 0
35, 49, 6, 29, 0, 0
42, 49, 6, 33, 0, 0
43, 49, 6, 33, 0, 0
46, 49, 6, 94, 0, 0
47, 49, 6, 94, 0, 0
10, 49, 7, 99, 0, 0
11, 49, 7, 69, 0, 0
21, 49, 7, 53, 0, 0
22, 49, 7, 29, 0, 0
23, 49, 7, 29, 0, 0
24, 49, 7, 39, 0, 0
25, 49, 7, 38, 0, 0
26, 49, 7, 46, 0, 0
27, 49, 7, 11, 0, 0
28, 49, 7, 11, 0, 0
29, 49, 7, 33, 0, 0
30, 49, 7, 26, 0, 0
31, 49, 7, 41, 0, 0
32, 49, 7, 36, 0, 0
33, 49, 7, 36, 0, 0
34, 49, 7, 24, 0, 0
44, 49, 7, 76, 0, 0
45, 49, 7, 71, 0, 0
26, 49, 10, 10, 0, 0
27, 49, 10, 10, 0, 0
28, 49, 10, 11, 0, 0
29, 49, 10, 21, 0, 0
13, 49, 11, 255, 182, 33
14, 49, 11, 255, 161, 23
18, 49, 11, 167, 73, 0
19, 49, 11, 166, 71, 0
20, 49, 11, 132, 36, 0
21, 49, 11, 86, 0, 0
25, 49, 11, 33, 0, 0
30, 49, 11, 28, 0, 0
34, 49, 11, 0, 0, 0
35, 49, 11, 0, 0, 0
36, 49, 11, 0, 0, 0
37, 49, 11, 0, 0, 0
41, 49, 11, 255, 142, 16
42, 49, 11, 255, 204, 49
13, 49, 12, 255, 174, 29
14, 49, 12, 255, 174, 29
16, 49, 12, 74, 0, 0
17, 49, 12, 134, 41, 0
18, 49, 12, 146, 53, 0
19, 49, 12, 162, 64, 0
20, 49, 12, 177, 78, 0
21, 49, 12, 137, 44, 0
22, 49, 12, 93, 0, 0
24, 49, 12, 93, 0, 0
31, 49, 12, 44, 0, 0
33, 49, 12, 109, 36, 0
34, 49, 12, 0, 0, 0
35, 49, 12, 0, 0, 0
36, 49, 12, 0, 0, 0
37, 49, 12, 0, 0, 0
38, 49, 12, 23, 0, 0
39, 49, 12, 184, 86, 0
41, 49, 12, 255, 154, 24
42, 49, 12, 255, 214, 54
13, 49, 13, 255, 176, 31
14, 49, 13, 255, 176, 31
16, 49, 13, 99, 5, 0
17, 49, 13, 99, 5, 0
18, 49, 13, 101, 0, 0
19, 49, 13, 116, 13, 0
20, 49, 13, 177, 78, 0
21, 49, 13, 187, 84, 0
22, 49, 13, 81, 0, 0
24, 49, 13, 48, 0, 0
31, 49, 13, 44, 0, 0
33, 49, 13, 191, 91, 0
34, 49, 13, 10, 16, 0
35, 49, 13, 0, 23, 0
36, 49, 13, 0, 0, 0
37, 49, 13, 0, 0, 0
38, 49, 13, 0, 0, 0
39, 49, 13, 113, 34, 0
41, 49, 13, 255, 154, 24
42, 49, 13, 255, 211, 51
13, 49, 14, 255, 191, 41
14, 49, 14, 255, 191, 41
16, 49, 14, 66, 0, 0
17, 49, 14, 123, 31, 0
18, 49, 14, 103, 0, 0
19, 49, 14, 132, 29, 0
20, 49, 14, 179, 74, 0
23, 49, 14, 16, 0, 0
32, 49, 14, 81, 0, 0
35, 49, 14, 21, 64, 28
36, 49, 14, 0, 0, 0
37, 49, 14, 0, 0, 0
38, 49, 14, 6, 0, 0
39, 49, 14, 172, 74, 0
41, 49, 14, 255, 201, 43
42, 49, 14, 255, 199, 41
13, 49, 15, 255, 191, 41
14, 49, 15, 255, 191, 41
17, 49, 15, 147, 54, 0
18, 49, 15, 141, 46, 0
19, 49, 15, 103, 15, 0
20, 49, 15, 113, 19, 0
21, 49, 15, 113, 19, 0
22, 49, 15, 56, 0, 0
23, 49, 15, 56, 0, 0
24, 49, 15, 79, 0, 0
31, 49, 15, 78, 0, 0
32, 49, 15, 96, 0, 0
33, 49, 15, 96, 0, 0
34, 49, 15, 113, 121, 66
35, 49, 15, 83, 134, 88
36, 49, 15, 0, 31, 1
37, 49, 15, 0, 31, 1
38, 49, 15, 29, 0, 0
41, 49, 15, 255, 201, 43
42, 49, 15, 255, 199, 41
14, 49, 16, 255, 199, 46
25, 49, 16, 63, 0, 0
30, 49, 16, 28, 29, 0
41, 49, 16, 255, 184, 34
25, 49, 17, 59, 0, 0
30, 49, 17, 66, 0, 0
26, 49, 18, 255, 144, 18
27, 49, 18, 109, 0, 0
28, 49, 18, 68, 0, 0
29, 49, 18, 255, 141, 15
10, 50, 0, 149, 0, 0
11, 50, 0, 137, 0, 0
23, 50, 0, 159, 0, 0
24, 50, 0, 124, 0, 0
25, 50, 0, 124, 0, 0
26, 50, 0, 79, 0, 0
27, 50, 0, 88, 0, 0
28, 50, 0, 99, 0, 0
29, 50, 0, 113, 0, 0
30, 50, 0, 106, 0, 0
31, 50, 0, 116, 0, 0
32, 50, 0, 116, 0, 0
44, 50, 0, 134, 0, 0
45, 50, 0, 134, 0, 0
8, 50, 1, 89, 0, 0
9, 50, 1, 86, 0, 0
12, 50, 1, 84, 0, 0
13, 50, 1, 98, 0, 0
20, 50, 1, 88, 0, 0
21, 50, 1, 81, 0, 0
22, 50, 1, 94, 0, 0
33, 50, 1, 58, 0, 0
34, 50, 1, 58, 0, 0
35, 50, 1, 78, 0, 0
42, 50, 1, 103, 0, 0
43, 50, 1, 74, 0, 0
46, 50, 1, 74, 0, 0
47, 50, 1, 109, 0, 0
7, 50, 2, 86, 0, 0
14, 50, 2, 39, 0, 0
20, 50, 2, 56, 0, 0
35, 50, 2, 61, 0, 0
41, 50, 2, 56, 0, 0
48, 50, 2, 79, 0, 0
7, 50, 3, 76, 0, 0
15, 50, 3, 103, 53, 43
16, 50, 3, 116, 56, 46
17, 50, 3, 111, 61, 51
18, 50, 3, 137, 89, 78
19, 50, 3, 134, 78, 66
36, 50, 3, 113, 63, 53
37, 50, 3, 126, 73, 63
38, 50, 3, 156, 93, 83
39, 50, 3, 154, 94, 84
40, 50, 3, 142, 91, 81
48, 50, 3, 79, 0, 0
7, 50, 4, 76, 0, 0
15, 50, 4, 93, 48, 38
16, 50, 4, 98, 54, 44
17, 50, 4, 91, 53, 43
18, 50, 4, 137, 89, 78
19, 50, 4, 137, 89, 78
36, 50, 4, 113, 59, 49
37, 50, 4, 109, 63, 51
38, 50, 4, 123, 71, 61
39, 50, 4, 132, 69, 59
40, 50, 4, 108, 63, 51
48, 50, 4, 94, 0, 0
7, 50, 5, 69, 0, 0
14, 50, 5, 29, 0, 0
19, 50, 5, 104, 58, 49
36, 50, 5, 108, 61, 51
41, 50, 5, 29, 0, 0
48, 50, 5, 104, 0, 0
8, 50, 6, 79, 0, 0
9, 50, 6, 99, 0, 0
12, 50, 6, 59, 0, 0
13, 50, 6, 44, 0, 0
20, 50, 6, 94, 0, 0
35, 50, 6, 39, 0, 0
42, 50, 6, 33, 0, 0
43, 50, 6, 59, 0, 0
46, 50, 6, 86, 0, 0
47, 50, 6, 86, 0, 0
10, 50, 7, 99, 0, 0
11, 50, 7, 73, 0, 0
21, 50, 7, 53, 0, 0
22, 50, 7, 71, 0, 0
23, 50, 7, 71, 0, 0
24, 50, 7, 61, 0, 0
25, 50, 7, 59, 0, 0
26, 50, 7, 58, 0, 0
27, 50, 7, 54, 0, 0
28, 50, 7, 51, 0, 0
29, 50, 7, 43, 0, 0
30, 50, 7, 43, 0, 0
31, 50, 7, 44, 0, 0
32, 50, 7, 38, 0, 0
33, 50, 7, 24, 0, 0
34, 50, 7, 24, 0, 0
44, 50, 7, 66, 0, 0
45, 50, 7, 71, 0, 0
26, 50, 11, 24, 0, 0
27, 50, 11, 33, 0, 0
28, 50, 11, 34, 0, 0
29, 50, 11, 28, 0, 0
25, 50, 12, 61, 0, 0
30, 50, 12, 38, 0, 0
25, 50, 13, 58, 0, 0
30, 50, 13, 53, 0, 0
21, 50, 14, 255, 144, 15
22, 50, 14, 96, 0, 0
23, 50, 14, 96, 0, 0
24, 50, 14, 24, 0, 0
31, 50, 14, 31, 0, 0
32, 50, 14, 104, 0, 0
33, 50, 14, 104, 0, 0
34, 50, 14, 255, 131, 11
21, 50, 15, 255, 144, 15
22, 50, 15, 252, 106, 0
23, 50, 15, 56, 0, 0
24, 50, 15, 23, 0, 0
31, 50, 15, 58, 0, 0
32, 50, 15, 96, 0, 0
33, 50, 15, 234, 86, 0
34, 50, 15, 255, 131, 11
25, 50, 16, 41, 0, 0
30, 50, 16, 56, 0, 0
26, 50, 17, 43, 0, 0
27, 50, 17, 74, 0, 0
28, 50, 17, 81, 0, 0
29, 50, 17, 59, 0, 0
30, 50, 17, 74, 0, 0
8, 51, 1, 86, 0, 0
9, 51, 1, 86, 0, 0
10, 51, 1, 83, 0, 0
11, 51, 1, 81, 0, 0
12, 51, 1, 89, 0, 0
13, 51, 1, 89, 0, 0
22, 51, 1, 116, 0, 0
23, 51, 1, 116, 0, 0
24, 51, 1, 83, 0, 0
25, 51, 1, 83, 0, 0
26, 51, 1, 83, 0, 0
27, 51, 1, 89, 0, 0
28, 51, 1, 91, 0, 0
29, 51, 1, 83, 0, 0
30, 51, 1, 88, 0, 0
31, 51, 1, 93, 0, 0
32, 51, 1, 58, 0, 0
33, 51, 1, 58, 0, 0
42, 51, 1, 81, 0, 0
43, 51, 1, 81, 0, 0
44, 51, 1, 68, 0, 0
45, 51, 1, 71, 0, 0
46, 51, 1, 74, 0, 0
47, 51, 1, 74, 0, 0
7, 51, 2, 94, 0, 0
14, 51, 2, 39, 0, 0
20, 51, 2, 48, 0, 0
21, 51, 2, 83, 0, 0
22, 51, 2, 93, 0, 0
33, 51, 2, 58, 0, 0
34, 51, 2, 69, 0, 0
35, 51, 2, 51, 0, 0
41, 51, 2, 54, 0, 0
48, 51, 2, 98, 0, 0
7, 51, 3, 64, 0, 0
15, 51, 3, 103, 49, 39
16, 51, 3, 99, 49, 38
17, 51, 3, 111, 63, 53
20, 51, 3, 84, 0, 0
21, 51, 3, 93, 0, 0
22, 51, 3, 83, 0, 0
33, 51, 3, 54, 0, 0
34, 51, 3, 69, 0, 0
35, 51, 3, 61, 0, 0
38, 51, 3, 167, 104, 94
39, 51, 3, 169, 108, 96
40, 51, 3, 154, 96, 86
48, 51, 3, 71, 0, 0
7, 51, 4, 74, 0, 0
15, 51, 4, 99, 53, 43
16, 51, 4, 96, 53, 43
17, 51, 4, 91, 53, 43
20, 51, 4, 84, 0, 0
21, 51, 4, 84, 0, 0
22, 51, 4, 94, 0, 0
33, 51, 4, 51, 0, 0
34, 51, 4, 64, 0, 0
35, 51, 4, 39, 0, 0
38, 51, 4, 129, 73, 61
39, 51, 4, 126, 74, 63
40, 51, 4, 124, 74, 63
48, 51, 4, 109, 0, 0
7, 51, 5, 66, 0, 0
14, 51, 5, 51, 0, 0
20, 51, 5, 71, 0, 0
21, 51, 5, 91, 0, 0
22, 51, 5, 93, 0, 0
33, 51, 5, 51, 0, 0
34, 51, 5, 59, 0, 0
35, 51, 5, 19, 0, 0
41, 51, 5, 34, 0, 0
48, 51, 5, 111, 0, 0
8, 51, 6, 108, 0, 0
9, 51, 6, 108, 0, 0
12, 51, 6, 64, 0, 0
13, 51, 6, 66, 0, 0
21, 51, 6, 79, 0, 0
22, 51, 6, 88, 0, 0
33, 51, 6, 99, 0, 0
34, 51, 6, 61, 0, 0
42, 51, 6, 56, 0, 0
43, 51, 6, 59, 0, 0
46, 51, 6, 84, 0, 0
47, 51, 6, 84, 0, 0
10, 51, 7, 88, 0, 0
11, 51, 7, 79, 0, 0
23, 51, 7, 109, 0, 0
24, 51, 7, 69, 0, 0
25, 51, 7, 69, 0, 0
26, 51, 7, 58, 0, 0
27, 51, 7, 58, 0, 0
28, 51, 7, 61, 0, 0
29, 51, 7, 63, 0, 0
30, 51, 7, 56, 0, 0
31, 51, 7, 56, 0, 0
32, 51, 7, 79, 0, 0
44, 51, 7, 64, 0, 0
45, 51, 7, 71, 0, 0
26, 51, 11, 29, 0, 0
27, 51, 11, 58, 0, 0
28, 51, 11, 58, 0, 0
29, 51, 11, 24, 0, 0
25, 51, 12, 61, 0, 0
30, 51, 12, 38, 0, 0
25, 51, 13, 53, 0, 0
30, 51, 13, 58, 0, 0
22, 51, 14, 207, 61, 0
23, 51, 14, 41, 0, 0
24, 51, 14, 33, 0, 0
31, 51, 14, 19, 0, 0
32, 51, 14, 124, 0, 0
33, 51, 14, 124, 0, 0
22, 51, 15, 184, 49, 0
23, 51, 15, 184, 49, 0
24, 51, 15, 33, 0, 0
31, 51, 15, 31, 0, 0
32, 51, 15, 214, 66, 0
33, 51, 15, 214, 66, 0
25, 51, 16, 15, 0, 0
30, 51, 16, 49, 0, 0
26, 51, 17, 38, 0, 0
27, 51, 17, 74, 0, 0
28, 51, 17, 94, 0, 0
29, 51, 17, 66, 0, 0
8, 52, 1, 58, 0, 0
9, 52, 1, 58, 0, 0
10, 52, 1, 146, 0, 0
11, 52, 1, 79, 0, 0
12, 52, 1, 79, 0, 0
13, 52, 1, 46, 0, 0
42, 52, 1, 81, 0, 0
43, 52, 1, 99, 0, 0
44, 52, 1, 99, 0, 0
45, 52, 1, 121, 0, 0
46, 52, 1, 116, 0, 0
47, 52, 1, 116, 0, 0
8, 52, 2, 58, 0, 0
13, 52, 2, 46, 0, 0
23, 52, 2, 174, 6, 0
24, 52, 2, 108, 0, 0
25, 52, 2, 101, 0, 0
26, 52, 2, 101, 0, 0
27, 52, 2, 106, 0, 0
28, 52, 2, 108, 0, 0
29, 52, 2, 101, 0, 0
30, 52, 2, 79, 0, 0
31, 52, 2, 99, 0, 0
32, 52, 2, 99, 0, 0
42, 52, 2, 61, 0, 0
47, 52, 2, 116, 0, 0
7, 52, 3, 59, 0, 0
14, 52, 3, 51, 0, 0
15, 52, 3, 119, 61, 51
16, 52, 3, 108, 58, 48
17, 52, 3, 111, 63, 53
23, 52, 3, 132, 0, 0
24, 52, 3, 94, 0, 0
25, 52, 3, 94, 0, 0
26, 52, 3, 94, 0, 0
27, 52, 3, 88, 0, 0
28, 52, 3, 108, 0, 0
29, 52, 3, 104, 0, 0
30, 52, 3, 99, 0, 0
31, 52, 3, 89, 0, 0
32, 52, 3, 151, 3, 0
38, 52, 3, 159, 99, 88
39, 52, 3, 169, 108, 96
40, 52, 3, 159, 93, 81
41, 52, 3, 31, 0, 0
48, 52, 3, 91, 0, 0
7, 52, 4, 54, 0, 0
14, 52, 4, 81, 33, 23
15, 52, 4, 134, 76, 66
16, 52, 4, 121, 71, 59
17, 52, 4, 111, 63, 53
23, 52, 4, 132, 0, 0
24, 52, 4, 79, 0, 0
25, 52, 4, 84, 0, 0
26, 52, 4, 81, 0, 0
27, 52, 4, 88, 0, 0
28, 52, 4, 79, 0, 0
29, 52, 4, 78, 0, 0
30, 52, 4, 84, 0, 0
31, 52, 4, 89, 0, 0
32, 52, 4, 113, 0, 0
38, 52, 4, 141, 79, 68
39, 52, 4, 141, 83, 71
40, 52, 4, 154, 88, 76
41, 52, 4, 109, 61, 51
48, 52, 4, 96, 0, 0
8, 52, 5, 108, 0, 0
13, 52, 5, 51, 0, 0
23, 52, 5, 139, 0, 0
24, 52, 5, 79, 0, 0
25, 52, 5, 93, 0, 0
26, 52, 5, 96, 0, 0
27, 52, 5, 88, 0, 0
28, 52, 5, 71, 0, 0
29, 52, 5, 64, 0, 0
30, 52, 5, 84, 0, 0
31, 52, 5, 114, 0, 0
32, 52, 5, 114, 0, 0
42, 52, 5, 38, 0, 0
47, 52, 5, 84, 0, 0
8, 52, 6, 108, 0, 0
9, 52, 6, 108, 0, 0
10, 52, 6, 76, 0, 0
12, 52, 6, 58, 0, 0
13, 52, 6, 64, 0, 0
23, 52, 6, 186, 51, 0
24, 52, 6, 73, 0, 0
25, 52, 6, 73, 0, 0
26, 52, 6, 108, 0, 0
27, 52, 6, 84, 0, 0
28, 52, 6, 56, 0, 0
29, 52, 6, 64, 0, 0
30, 52, 6, 64, 0, 0
31, 52, 6, 116, 0, 0
32, 52, 6, 116, 0, 0
43, 52, 6, 54, 0, 0
45, 52, 6, 64, 0, 0
46, 52, 6, 74, 0, 0
47, 52, 6, 84, 0, 0
11, 52, 7, 74, 0, 0
44, 52, 7, 66, 0, 0
27, 52, 11, 76, 0, 0
28, 52, 11, 76, 0, 0
26, 52, 12, 69, 0, 0
27, 52, 12, 58, 0, 0
28, 52, 12, 58, 0, 0
29, 52, 12, 38, 0, 0
26, 52, 13, 71, 0, 0
29, 52, 13, 51, 0, 0
22, 52, 14, 247, 91, 0
25, 52, 14, 224, 94, 0
26, 52, 14, 69, 0, 0
29, 52, 14, 31, 0, 0
30, 52, 14, 222, 106, 3
33, 52, 14, 255, 129, 10
22, 52, 15, 255, 119, 6
23, 52, 15, 84, 0, 0
24, 52, 15, 39, 0, 0
25, 52, 15, 58, 0, 0
30, 52, 15, 88, 0, 0
31, 52, 15, 49, 0, 0
32, 52, 15, 76, 0, 0
33, 52, 15, 214, 66, 0
26, 52, 16, 101, 0, 0
27, 52, 16, 34, 0, 0
28, 52, 16, 34, 0, 0
29, 52, 16, 56, 0, 0
9, 53, 1, 56, 0, 0
10, 53, 1, 48, 0, 0
11, 53, 1, 49, 0, 0
12, 53, 1, 46, 0, 0
43, 53, 1, 61, 0, 0
44, 53, 1, 74, 0, 0
45, 53, 1, 121, 0, 0
46, 53, 1, 99, 0, 0
8, 53, 2, 33, 0, 0
9, 53, 2, 33, 0, 0
10, 53, 2, 41, 0, 0
12, 53, 2, 46, 0, 0
13, 53, 2, 46, 0, 0
42, 53, 2, 61, 0, 0
43, 53, 2, 61, 0, 0
46, 53, 2, 99, 0, 0
47, 53, 2, 89, 0, 0
8, 53, 3, 54, 0, 0
9, 53, 3, 33, 0, 0
12, 53, 3, 41, 0, 0
13, 53, 3, 24, 0, 0
15, 53, 3, 119, 61, 51
16, 53, 3, 119, 61, 51
17, 53, 3, 154, 84, 74
18, 53, 3, 151, 83, 74
37, 53, 3, 139, 83, 73
38, 53, 3, 139, 83, 73
39, 53, 3, 161, 98, 86
40, 53, 3, 159, 93, 81
42, 53, 3, 29, 0, 0
43, 53, 3, 46, 0, 0
47, 53, 3, 83, 0, 0
8, 53, 4, 51, 0, 0
9, 53, 4, 43, 0, 0
13, 53, 4, 34, 0, 0
15, 53, 4, 134, 76, 66
16, 53, 4, 121, 71, 59
17, 53, 4, 121, 71, 59
18, 53, 4, 101, 54, 44
37, 53, 4, 139, 81, 71
38, 53, 4, 139, 81, 71
39, 53, 4, 154, 88, 76
40, 53, 4, 154, 88, 76
42, 53, 4, 46, 0, 0
43, 53, 4, 68, 0, 0
46, 53, 4, 84, 0, 0
47, 53, 4, 86, 0, 0
8, 53, 5, 53, 0, 0
9, 53, 5, 53, 0, 0
10, 53, 5, 43, 0, 0
11, 53, 5, 66, 0, 0
12, 53, 5, 53, 0, 0
43, 53, 5, 64, 0, 0
44, 53, 5, 68, 0, 0
45, 53, 5, 78, 0, 0
46, 53, 5, 74, 0, 0
47, 53, 5, 74, 0, 0
10, 53, 6, 71, 0, 0
11, 53, 6, 71, 0, 0
12, 53, 6, 54, 0, 0
43, 53, 6, 54, 0, 0
44, 53, 6, 61, 0, 0
45, 53, 6, 61, 0, 0
27, 53, 13, 58, 0, 0
28, 53, 13, 58, 0, 0
27, 53, 14, 53, 0, 0
28, 53, 14, 53, 0, 0
22, 53, 15, 255, 157, 23
23, 53, 15, 197, 54, 0
24, 53, 15, 69, 0, 0
25, 53, 15, 69, 0, 0
26, 53, 15, 240, 99, 0
27, 53, 15, 58, 0, 0
28, 53, 15, 58, 0, 0
29, 53, 15, 240, 113, 3
30, 53, 15, 86, 0, 0
31, 53, 15, 86, 0, 0
32, 53, 15, 177, 33, 0
33, 53, 15, 255, 137, 10
23, 53, 16, 197, 54, 0
24, 53, 16, 69, 0, 0
25, 53, 16, 69, 0, 0
26, 53, 16, 255, 126, 6
29, 53, 16, 255, 142, 15
30, 53, 16, 86, 0, 0
31, 53, 16, 86, 0, 0
32, 53, 16, 177, 33, 0
33, 53, 16, 255, 136, 10
11, 54, 2, 46, 0, 0
44, 54, 2, 63, 0, 0
45, 54, 2, 61, 0, 0
10, 54, 3, 39, 0, 0
11, 54, 3, 43, 0, 0
18, 54, 3, 151, 83, 74
37, 54, 3, 139, 83, 73
44, 54, 3, 61, 0, 0
45, 54, 3, 64, 0, 0
46, 54, 3, 64, 0, 0
10, 54, 4, 43, 0, 0
11, 54, 4, 43, 0, 0
12, 54, 4, 43, 0, 0
17, 54, 4, 151, 83, 74
18, 54, 4, 151, 83, 74
37, 54, 4, 139, 81, 71
38, 54, 4, 139, 81, 71
44, 54, 4, 78, 0, 0
45, 54, 4, 78, 0, 0
23, 54, 15, 132, 3, 0
24, 54, 15, 132, 3, 0
25, 54, 15, 142, 13, 0
26, 54, 15, 255, 108, 0
29, 54, 15, 255, 121, 8
30, 54, 15, 118, 0, 0
31, 54, 15, 156, 19, 0
32, 54, 15, 156, 19, 0
23, 54, 16, 197, 54, 0
24, 54, 16, 211, 64, 0
25, 54, 16, 69, 0, 0
26, 54, 16, 255, 116, 1
29, 54, 16, 255, 141, 15
30, 54, 16, 104, 0, 0
31, 54, 16, 104, 0, 0
32, 54, 16, 244, 93, 0
18, 55, 4, 154, 84, 74
37, 55, 4, 109, 61, 53
24, 55, 15, 142, 13, 0
25, 55, 15, 142, 13, 0
26, 55, 15, 255, 104, 0
29, 55, 15, 255, 118, 5
30, 55, 15, 181, 34, 0
31, 55, 15, 181, 34, 0
32, 55, 15, 255, 151, 21
24, 55, 16, 211, 64, 0
25, 55, 16, 136, 0, 0
26, 55, 16, 255, 121, 5
29, 55, 16, 255, 137, 15
30, 55, 16, 124, 0, 0
31, 55, 16, 124, 0, 0
24, 56, 15, 255, 132, 11
25, 56, 15, 231, 74, 0
26, 56, 15, 255, 116, 3
29, 56, 15, 255, 116, 3
30, 56, 15, 206, 46, 0
31, 56, 15, 255, 108, 0
24, 56, 16, 255, 132, 11
25, 56, 16, 162, 8, 0
26, 56, 16, 255, 113, 1
29, 56, 16, 255, 108, 0
30, 56, 16, 111, 0, 0
31, 56, 16, 255, 114, 0
22, 57, 16, 255, 146, 16
23, 57, 16, 206, 53, 0
24, 57, 16, 255, 132, 11
25, 57, 16, 162, 8, 0
26, 57, 16, 162, 8, 0
29, 57, 16, 111, 0, 0
30, 57, 16, 111, 0, 0
31, 57, 16, 255, 114, 0
32, 57, 16, 255, 106, 0
33, 57, 16, 255, 139, 13
22, 57, 17, 255, 172, 29
23, 57, 17, 255, 147, 18
24, 57, 17, 144, 3, 0
25, 57, 17, 232, 91, 0
26, 57, 17, 187, 41, 0
29, 57, 17, 177, 26, 0
30, 57, 17, 177, 26, 0
31, 57, 17, 255, 98, 0
32, 57, 17, 255, 101, 0
33, 57, 17, 255, 157, 19
23, 58, 16, 206, 53, 0
24, 58, 16, 103, 0, 0
25, 58, 16, 149, 0, 0
26, 58, 16, 149, 0, 0
27, 58, 16, 255, 144, 18
29, 58, 16, 202, 49, 0
30, 58, 16, 83, 0, 0
31, 58, 16, 83, 0, 0
32, 58, 16, 227, 86, 0
23, 58, 17, 255, 126, 8
24, 58, 17, 144, 3, 0
25, 58, 17, 51, 0, 0
26, 58, 17, 224, 79, 0
27, 58, 17, 255, 144, 16
29, 58, 17, 199, 44, 0
30, 58, 17, 39, 0, 0
31, 58, 17, 39, 0, 0
32, 58, 17, 255, 101, 0
23, 59, 16, 255, 121, 3
24, 59, 16, 255, 94, 0
25, 59, 16, 255, 94, 0
26, 59, 16, 255, 131, 11
29, 59, 16, 252, 101, 0
30, 59, 16, 252, 108, 0
31, 59, 16, 227, 86, 0
32, 59, 16, 227, 86, 0
23, 59, 17, 255, 126, 8
24, 59, 17, 255, 126, 8
25, 59, 17, 255, 142, 16
26, 59, 17, 255, 166, 28
29, 59, 17, 255, 146, 15
30, 59, 17, 255, 116, 3
31, 59, 17, 237, 94, 0
32, 59, 17, 237, 94, 0